time, position_x, position_y, position_theta, target_x, target_y 
0.00371, -0.50000 , -1.19000, 1.57080, -0.50000, 0.50000 
0.00731, -0.50000 , -1.19000, 1.57080, -0.50000, 0.50000 
0.01083, -0.50000 , -1.19000, 1.57080, -0.50000, 0.50000 
0.01444, -0.50000 , -1.19000, 1.57080, -0.50000, 0.50000 
0.01790, -0.50000 , -1.19000, 1.57080, -0.50000, 0.50000 
0.02130, -0.50000 , -1.19000, 1.57080, -0.50000, 0.50000 
0.02471, -0.50000 , -1.18980, 1.57202, -0.50000, 0.50000 
0.02834, -0.50000 , -1.18980, 1.57202, -0.50000, 0.50000 
0.03251, -0.50000 , -1.18941, 1.57202, -0.50000, 0.50000 
0.03627, -0.50000 , -1.18941, 1.57202, -0.50000, 0.50000 
0.04007, -0.50000 , -1.18902, 1.57202, -0.50000, 0.50000 
0.04359, -0.50000 , -1.18902, 1.57202, -0.50000, 0.50000 
0.04724, -0.50000 , -1.18863, 1.57202, -0.50000, 0.50000 
0.05079, -0.50000 , -1.18843, 1.57324, -0.50000, 0.50000 
0.05427, -0.50000 , -1.18823, 1.57202, -0.50000, 0.50000 
0.05774, -0.50000 , -1.18784, 1.57202, -0.50000, 0.50000 
0.06127, -0.50000 , -1.18784, 1.57202, -0.50000, 0.50000 
0.06482, -0.50000 , -1.18745, 1.57202, -0.50000, 0.50000 
0.06873, -0.50000 , -1.18705, 1.57202, -0.50000, 0.50000 
0.07266, -0.50000 , -1.18686, 1.57324, -0.50000, 0.50000 
0.07637, -0.50001 , -1.18647, 1.57324, -0.50000, 0.50000 
0.08193, -0.50001 , -1.18607, 1.57324, -0.50000, 0.50000 
0.08591, -0.50001 , -1.18568, 1.57324, -0.50000, 0.50000 
0.10920, -0.50002 , -1.18352, 1.57689, -0.50000, 0.50000 
0.11280, -0.50002 , -1.18313, 1.57689, -0.50000, 0.50000 
0.11668, -0.50002 , -1.18274, 1.57689, -0.50000, 0.50000 
0.12950, -0.50003 , -1.18136, 1.57811, -0.50000, 0.50000 
0.13356, -0.50003 , -1.18077, 1.57933, -0.50000, 0.50000 
0.13770, -0.50004 , -1.18018, 1.57811, -0.50000, 0.50000 
0.14154, -0.50004 , -1.17959, 1.57933, -0.50000, 0.50000 
0.14519, -0.50005 , -1.17920, 1.57933, -0.50000, 0.50000 
0.15460, -0.50006 , -1.17783, 1.58055, -0.50000, 0.50000 
0.15918, -0.50007 , -1.17724, 1.58177, -0.50000, 0.50000 
0.16323, -0.50007 , -1.17645, 1.58177, -0.50000, 0.50000 
0.16734, -0.50008 , -1.17586, 1.58299, -0.50000, 0.50000 
0.17096, -0.50009 , -1.17508, 1.58299, -0.50000, 0.50000 
0.17457, -0.50010 , -1.17469, 1.58299, -0.50000, 0.50000 
0.17832, -0.50012 , -1.17311, 1.58543, -0.50000, 0.50000 
0.18805, -0.50013 , -1.17213, 1.58665, -0.50000, 0.50000 
0.19219, -0.50014 , -1.17135, 1.58665, -0.50000, 0.50000 
0.19637, -0.50015 , -1.17076, 1.58787, -0.50000, 0.50000 
0.20021, -0.50017 , -1.16978, 1.58909, -0.50000, 0.50000 
0.20385, -0.50019 , -1.16899, 1.58909, -0.50000, 0.50000 
0.20767, -0.50020 , -1.16840, 1.59031, -0.50000, 0.50000 
0.21770, -0.50025 , -1.16585, 1.59153, -0.50000, 0.50000 
0.22211, -0.50026 , -1.16507, 1.59153, -0.50000, 0.50000 
0.22642, -0.50029 , -1.16408, 1.59275, -0.50000, 0.50000 
0.23021, -0.50031 , -1.16310, 1.59397, -0.50000, 0.50000 
0.23382, -0.50033 , -1.16232, 1.59397, -0.50000, 0.50000 
0.23755, -0.50035 , -1.16134, 1.59519, -0.50000, 0.50000 
0.24753, -0.50041 , -1.15878, 1.59641, -0.50000, 0.50000 
0.25184, -0.50044 , -1.15761, 1.59641, -0.50000, 0.50000 
0.25609, -0.50047 , -1.15643, 1.59885, -0.50000, 0.50000 
0.25989, -0.50050 , -1.15564, 1.59885, -0.50000, 0.50000 
0.26360, -0.50053 , -1.15447, 1.59885, -0.50000, 0.50000 
0.26730, -0.50056 , -1.15348, 1.60007, -0.50000, 0.50000 
0.27738, -0.50064 , -1.15074, 1.60250, -0.50000, 0.50000 
0.28184, -0.50069 , -1.14936, 1.60372, -0.50000, 0.50000 
0.28815, -0.50076 , -1.14720, 1.60494, -0.50000, 0.50000 
0.29373, -0.50081 , -1.14583, 1.60616, -0.50000, 0.50000 
0.29748, -0.50084 , -1.14485, 1.60738, -0.50000, 0.50000 
0.30700, -0.50095 , -1.14191, 1.60860, -0.50000, 0.50000 
0.31133, -0.50100 , -1.14053, 1.60982, -0.50000, 0.50000 
0.31546, -0.50106 , -1.13916, 1.61104, -0.50000, 0.50000 
0.31928, -0.50111 , -1.13798, 1.61104, -0.50000, 0.50000 
0.32304, -0.50115 , -1.13681, 1.61348, -0.50000, 0.50000 
0.32808, -0.50122 , -1.13524, 1.61348, -0.50000, 0.50000 
0.33915, -0.50139 , -1.13151, 1.61714, -0.50000, 0.50000 
0.34382, -0.50146 , -1.12994, 1.61714, -0.50000, 0.50000 
0.34824, -0.50153 , -1.12837, 1.61714, -0.50000, 0.50000 
0.35250, -0.50161 , -1.12680, 1.61958, -0.50000, 0.50000 
0.35736, -0.50170 , -1.12504, 1.62080, -0.50000, 0.50000 
0.36105, -0.50175 , -1.12386, 1.62080, -0.50000, 0.50000 
0.36453, -0.50182 , -1.12249, 1.62202, -0.50000, 0.50000 
0.37560, -0.50205 , -1.11817, 1.62446, -0.50000, 0.50000 
0.38604, -0.50225 , -1.11445, 1.62568, -0.50000, 0.50000 
0.39017, -0.50234 , -1.11288, 1.62812, -0.50000, 0.50000 
0.39413, -0.50243 , -1.11131, 1.62812, -0.50000, 0.50000 
0.39879, -0.50253 , -1.10955, 1.62934, -0.50000, 0.50000 
0.40288, -0.50264 , -1.10778, 1.63055, -0.50000, 0.50000 
0.40713, -0.50274 , -1.10602, 1.63177, -0.50000, 0.50000 
0.41091, -0.50283 , -1.10465, 1.63299, -0.50000, 0.50000 
0.41454, -0.50293 , -1.10308, 1.63299, -0.50000, 0.50000 
0.41816, -0.50301 , -1.10171, 1.63421, -0.50000, 0.50000 
0.42178, -0.50310 , -1.10034, 1.63543, -0.50000, 0.50000 
0.42572, -0.50320 , -1.09877, 1.63543, -0.50000, 0.50000 
0.42978, -0.50332 , -1.09701, 1.63665, -0.50000, 0.50000 
0.43418, -0.50343 , -1.09524, 1.63787, -0.50000, 0.50000 
0.43843, -0.50355 , -1.09348, 1.63909, -0.50000, 0.50000 
0.44268, -0.50369 , -1.09152, 1.63909, -0.50000, 0.50000 
0.44655, -0.50378 , -1.09015, 1.64031, -0.50000, 0.50000 
0.45020, -0.50391 , -1.08839, 1.64153, -0.50000, 0.50000 
0.45387, -0.50402 , -1.08682, 1.64153, -0.50000, 0.50000 
0.45760, -0.50414 , -1.08506, 1.64275, -0.50000, 0.50000 
0.46188, -0.50427 , -1.08330, 1.64397, -0.50000, 0.50000 
0.46576, -0.50440 , -1.08153, 1.64519, -0.50000, 0.50000 
0.47000, -0.50453 , -1.07977, 1.64641, -0.50000, 0.50000 
0.47347, -0.50467 , -1.07801, 1.64763, -0.50000, 0.50000 
0.47733, -0.50481 , -1.07625, 1.64885, -0.50000, 0.50000 
0.48082, -0.50493 , -1.07468, 1.64885, -0.50000, 0.50000 
0.48434, -0.50504 , -1.07331, 1.65007, -0.50000, 0.50000 
0.48797, -0.50518 , -1.07155, 1.65129, -0.50000, 0.50000 
0.49202, -0.50533 , -1.06959, 1.65129, -0.50000, 0.50000 
0.49593, -0.50548 , -1.06783, 1.65251, -0.50000, 0.50000 
0.49986, -0.50562 , -1.06607, 1.65373, -0.50000, 0.50000 
0.50347, -0.50577 , -1.06431, 1.65495, -0.50000, 0.50000 
0.50707, -0.50592 , -1.06255, 1.65617, -0.50000, 0.50000 
0.51061, -0.50607 , -1.06079, 1.65739, -0.50000, 0.50000 
0.51407, -0.50621 , -1.05922, 1.65739, -0.50000, 0.50000 
0.51764, -0.50638 , -1.05727, 1.65739, -0.50000, 0.50000 
0.52154, -0.50655 , -1.05531, 1.65982, -0.50000, 0.50000 
0.52584, -0.50672 , -1.05335, 1.65982, -0.50000, 0.50000 
0.52971, -0.50690 , -1.05140, 1.66226, -0.50000, 0.50000 
0.53343, -0.50708 , -1.04944, 1.66226, -0.50000, 0.50000 
0.53713, -0.50724 , -1.04768, 1.66348, -0.50000, 0.50000 
0.54068, -0.50741 , -1.04592, 1.66470, -0.50000, 0.50000 
0.54424, -0.50757 , -1.04417, 1.66592, -0.50000, 0.50000 
0.54784, -0.50776 , -1.04221, 1.66592, -0.50000, 0.50000 
0.55197, -0.50797 , -1.04006, 1.66714, -0.50000, 0.50000 
0.55591, -0.50818 , -1.03791, 1.66836, -0.50000, 0.50000 
0.55993, -0.50837 , -1.03596, 1.66836, -0.50000, 0.50000 
0.56355, -0.50854 , -1.03420, 1.66958, -0.50000, 0.50000 
0.56708, -0.50876 , -1.03205, 1.67080, -0.50000, 0.50000 
0.57060, -0.50893 , -1.03029, 1.67202, -0.50000, 0.50000 
0.57410, -0.50911 , -1.02853, 1.67324, -0.50000, 0.50000 
0.57760, -0.50931 , -1.02658, 1.67324, -0.50000, 0.50000 
0.58160, -0.50956 , -1.02424, 1.67568, -0.50000, 0.50000 
0.58561, -0.50976 , -1.02228, 1.67568, -0.50000, 0.50000 
0.58968, -0.50999 , -1.02014, 1.67690, -0.50000, 0.50000 
0.59344, -0.51022 , -1.01799, 1.67812, -0.50000, 0.50000 
0.59699, -0.51041 , -1.01623, 1.67934, -0.50000, 0.50000 
0.60053, -0.51065 , -1.01408, 1.68056, -0.50000, 0.50000 
0.60405, -0.51084 , -1.01233, 1.68178, -0.50000, 0.50000 
0.60770, -0.51108 , -1.01018, 1.68300, -0.50000, 0.50000 
0.61137, -0.51130 , -1.00823, 1.68544, -0.50000, 0.50000 
0.61552, -0.51157 , -1.00589, 1.68544, -0.50000, 0.50000 
0.61947, -0.51182 , -1.00374, 1.68665, -0.50000, 0.50000 
0.62335, -0.51207 , -1.00160, 1.68787, -0.50000, 0.50000 
0.62686, -0.51228 , -0.99984, 1.68909, -0.50000, 0.50000 
0.63043, -0.51254 , -0.99770, 1.69031, -0.50000, 0.50000 
0.63393, -0.51279 , -0.99556, 1.69153, -0.50000, 0.50000 
0.63780, -0.51306 , -0.99341, 1.69275, -0.50000, 0.50000 
0.64146, -0.51330 , -0.99146, 1.69519, -0.50000, 0.50000 
0.64586, -0.51364 , -0.98874, 1.69763, -0.50000, 0.50000 
0.64972, -0.51392 , -0.98659, 1.69885, -0.50000, 0.50000 
0.65385, -0.51419 , -0.98445, 1.70007, -0.50000, 0.50000 
0.65752, -0.51447 , -0.98231, 1.70129, -0.50000, 0.50000 
0.66101, -0.51476 , -0.98017, 1.70251, -0.50000, 0.50000 
0.66461, -0.51504 , -0.97803, 1.70373, -0.50000, 0.50000 
0.66819, -0.51530 , -0.97608, 1.70617, -0.50000, 0.50000 
0.67170, -0.51560 , -0.97394, 1.70739, -0.50000, 0.50000 
0.67531, -0.51589 , -0.97180, 1.70861, -0.50000, 0.50000 
0.67967, -0.51624 , -0.96927, 1.70983, -0.50000, 0.50000 
0.68347, -0.51654 , -0.96713, 1.71105, -0.50000, 0.50000 
0.68751, -0.51690 , -0.96461, 1.71227, -0.50000, 0.50000 
0.69106, -0.51718 , -0.96266, 1.71470, -0.50000, 0.50000 
0.69466, -0.51752 , -0.96033, 1.71470, -0.50000, 0.50000 
0.69835, -0.51783 , -0.95819, 1.71592, -0.50000, 0.50000 
0.70216, -0.51814 , -0.95606, 1.71714, -0.50000, 0.50000 
0.70654, -0.51852 , -0.95353, 1.71836, -0.50000, 0.50000 
0.71032, -0.51890 , -0.95101, 1.71958, -0.50000, 0.50000 
0.71414, -0.51922 , -0.94887, 1.72080, -0.50000, 0.50000 
0.71776, -0.51954 , -0.94674, 1.72202, -0.50000, 0.50000 
0.72131, -0.51987 , -0.94460, 1.72324, -0.50000, 0.50000 
0.72482, -0.52020 , -0.94247, 1.72446, -0.50000, 0.50000 
0.72836, -0.52053 , -0.94033, 1.72568, -0.50000, 0.50000 
0.73199, -0.52086 , -0.93820, 1.72690, -0.50000, 0.50000 
0.73670, -0.52129 , -0.93548, 1.72690, -0.50000, 0.50000 
0.74062, -0.52169 , -0.93296, 1.72812, -0.50000, 0.50000 
0.74514, -0.52209 , -0.93044, 1.72934, -0.50000, 0.50000 
0.74873, -0.52246 , -0.92812, 1.72934, -0.50000, 0.50000 
0.75230, -0.52277 , -0.92618, 1.72934, -0.50000, 0.50000 
0.75582, -0.52311 , -0.92404, 1.73056, -0.50000, 0.50000 
0.75939, -0.52346 , -0.92191, 1.73178, -0.50000, 0.50000 
0.76304, -0.52384 , -0.91959, 1.73178, -0.50000, 0.50000 
0.76761, -0.52428 , -0.91687, 1.73178, -0.50000, 0.50000 
0.77154, -0.52466 , -0.91455, 1.73178, -0.50000, 0.50000 
0.77531, -0.52500 , -0.91242, 1.73300, -0.50000, 0.50000 
0.77883, -0.52538 , -0.91009, 1.73300, -0.50000, 0.50000 
0.78238, -0.52570 , -0.90815, 1.73300, -0.50000, 0.50000 
0.78627, -0.52608 , -0.90583, 1.73300, -0.50000, 0.50000 
0.78985, -0.52646 , -0.90350, 1.73300, -0.50000, 0.50000 
0.79332, -0.52678 , -0.90156, 1.73300, -0.50000, 0.50000 
0.79694, -0.52716 , -0.89924, 1.73300, -0.50000, 0.50000 
0.80109, -0.52757 , -0.89672, 1.73422, -0.50000, 0.50000 
0.80498, -0.52796 , -0.89440, 1.73422, -0.50000, 0.50000 
0.80896, -0.52837 , -0.89188, 1.73300, -0.50000, 0.50000 
0.81257, -0.52869 , -0.88994, 1.73300, -0.50000, 0.50000 
0.81612, -0.52907 , -0.88761, 1.73300, -0.50000, 0.50000 
0.81967, -0.52941 , -0.88548, 1.73178, -0.50000, 0.50000 
0.82337, -0.52979 , -0.88316, 1.73178, -0.50000, 0.50000 
0.82778, -0.53023 , -0.88044, 1.73178, -0.50000, 0.50000 
0.83170, -0.53064 , -0.87792, 1.73056, -0.50000, 0.50000 
0.83567, -0.53098 , -0.87579, 1.72934, -0.50000, 0.50000 
0.83926, -0.53136 , -0.87346, 1.72934, -0.50000, 0.50000 
0.84279, -0.53169 , -0.87133, 1.72812, -0.50000, 0.50000 
0.84649, -0.53203 , -0.86920, 1.72690, -0.50000, 0.50000 
0.85007, -0.53234 , -0.86726, 1.72690, -0.50000, 0.50000 
0.85373, -0.53270 , -0.86493, 1.72446, -0.50000, 0.50000 
0.85815, -0.53312 , -0.86221, 1.72446, -0.50000, 0.50000 
0.86220, -0.53351 , -0.85969, 1.72324, -0.50000, 0.50000 
0.86615, -0.53387 , -0.85736, 1.72324, -0.50000, 0.50000 
0.86972, -0.53416 , -0.85542, 1.72080, -0.50000, 0.50000 
0.87319, -0.53449 , -0.85328, 1.71958, -0.50000, 0.50000 
0.87668, -0.53480 , -0.85115, 1.71836, -0.50000, 0.50000 
0.88031, -0.53512 , -0.84901, 1.71714, -0.50000, 0.50000 
0.88397, -0.53546 , -0.84668, 1.71470, -0.50000, 0.50000 
0.88864, -0.53585 , -0.84396, 1.71227, -0.50000, 0.50000 
0.89245, -0.53616 , -0.84182, 1.71105, -0.50000, 0.50000 
0.89633, -0.53648 , -0.83949, 1.70861, -0.50000, 0.50000 
0.89988, -0.53678 , -0.83735, 1.70739, -0.50000, 0.50000 
0.90385, -0.53710 , -0.83501, 1.70495, -0.50000, 0.50000 
0.90738, -0.53738 , -0.83287, 1.70373, -0.50000, 0.50000 
0.91094, -0.53769 , -0.83054, 1.70129, -0.50000, 0.50000 
0.91481, -0.53795 , -0.82859, 1.69885, -0.50000, 0.50000 
0.91875, -0.53829 , -0.82586, 1.69641, -0.50000, 0.50000 
0.92304, -0.53859 , -0.82353, 1.69397, -0.50000, 0.50000 
0.92713, -0.53887 , -0.82119, 1.69153, -0.50000, 0.50000 
0.93085, -0.53911 , -0.81924, 1.68909, -0.50000, 0.50000 
0.93444, -0.53936 , -0.81709, 1.68787, -0.50000, 0.50000 
0.93806, -0.53959 , -0.81514, 1.68544, -0.50000, 0.50000 
0.94160, -0.53983 , -0.81300, 1.68422, -0.50000, 0.50000 
0.94514, -0.54005 , -0.81104, 1.68178, -0.50000, 0.50000 
0.94877, -0.54027 , -0.80909, 1.67934, -0.50000, 0.50000 
0.95329, -0.54056 , -0.80636, 1.67690, -0.50000, 0.50000 
0.95723, -0.54079 , -0.80421, 1.67324, -0.50000, 0.50000 
0.96104, -0.54099 , -0.80226, 1.67080, -0.50000, 0.50000 
0.96453, -0.54118 , -0.80030, 1.66836, -0.50000, 0.50000 
0.96810, -0.54137 , -0.79835, 1.66592, -0.50000, 0.50000 
0.97169, -0.54157 , -0.79620, 1.66470, -0.50000, 0.50000 
0.97533, -0.54175 , -0.79424, 1.66226, -0.50000, 0.50000 
0.97964, -0.54197 , -0.79190, 1.65982, -0.50000, 0.50000 
0.98369, -0.54215 , -0.78975, 1.65617, -0.50000, 0.50000 
0.98766, -0.54233 , -0.78759, 1.65251, -0.50000, 0.50000 
0.99131, -0.54249 , -0.78564, 1.65007, -0.50000, 0.50000 
0.99481, -0.54263 , -0.78388, 1.64885, -0.50000, 0.50000 
0.99832, -0.54278 , -0.78192, 1.64641, -0.50000, 0.50000 
1.00200, -0.54293 , -0.77996, 1.64397, -0.50000, 0.50000 
1.00566, -0.54308 , -0.77781, 1.64275, -0.50000, 0.50000 
1.01031, -0.54325 , -0.77546, 1.64031, -0.50000, 0.50000 
1.01434, -0.54338 , -0.77350, 1.63787, -0.50000, 0.50000 
1.01821, -0.54350 , -0.77173, 1.63665, -0.50000, 0.50000 
1.02192, -0.54362 , -0.76997, 1.63543, -0.50000, 0.50000 
1.02557, -0.54373 , -0.76821, 1.63421, -0.50000, 0.50000 
1.02905, -0.54384 , -0.76644, 1.63299, -0.50000, 0.50000 
1.03419, -0.54398 , -0.76409, 1.63055, -0.50000, 0.50000 
1.03839, -0.54409 , -0.76233, 1.62934, -0.50000, 0.50000 
1.04230, -0.54421 , -0.76017, 1.62812, -0.50000, 0.50000 
1.04615, -0.54431 , -0.75841, 1.62690, -0.50000, 0.50000 
1.05000, -0.54441 , -0.75664, 1.62568, -0.50000, 0.50000 
1.05443, -0.54451 , -0.75488, 1.62446, -0.50000, 0.50000 
1.05820, -0.54460 , -0.75311, 1.62324, -0.50000, 0.50000 
1.06239, -0.54468 , -0.75154, 1.62080, -0.50000, 0.50000 
1.06598, -0.54476 , -0.74997, 1.62080, -0.50000, 0.50000 
1.07045, -0.54486 , -0.74801, 1.61836, -0.50000, 0.50000 
1.07417, -0.54493 , -0.74644, 1.61592, -0.50000, 0.50000 
1.07818, -0.54499 , -0.74507, 1.61470, -0.50000, 0.50000 
1.08173, -0.54506 , -0.74350, 1.61226, -0.50000, 0.50000 
1.08519, -0.54511 , -0.74213, 1.61104, -0.50000, 0.50000 
1.08875, -0.54517 , -0.74076, 1.60982, -0.50000, 0.50000 
1.09231, -0.54522 , -0.73938, 1.60860, -0.50000, 0.50000 
1.09589, -0.54527 , -0.73801, 1.60738, -0.50000, 0.50000 
1.09978, -0.54534 , -0.73624, 1.60616, -0.50000, 0.50000 
1.10377, -0.54538 , -0.73487, 1.60494, -0.50000, 0.50000 
1.10782, -0.54544 , -0.73330, 1.60250, -0.50000, 0.50000 
1.11135, -0.54547 , -0.73212, 1.60250, -0.50000, 0.50000 
1.11485, -0.54552 , -0.73075, 1.60129, -0.50000, 0.50000 
1.11881, -0.54556 , -0.72937, 1.60007, -0.50000, 0.50000 
1.12245, -0.54560 , -0.72800, 1.59885, -0.50000, 0.50000 
1.12615, -0.54563 , -0.72682, 1.59641, -0.50000, 0.50000 
1.12991, -0.54566 , -0.72545, 1.59519, -0.50000, 0.50000 
1.13442, -0.54569 , -0.72407, 1.59397, -0.50000, 0.50000 
1.13832, -0.54572 , -0.72290, 1.59153, -0.50000, 0.50000 
1.14223, -0.54574 , -0.72172, 1.59153, -0.50000, 0.50000 
1.14581, -0.54576 , -0.72074, 1.59031, -0.50000, 0.50000 
1.14965, -0.54579 , -0.71956, 1.58787, -0.50000, 0.50000 
1.15443, -0.54581 , -0.71818, 1.58665, -0.50000, 0.50000 
1.15805, -0.54582 , -0.71720, 1.58543, -0.50000, 0.50000 
1.16175, -0.54584 , -0.71622, 1.58421, -0.50000, 0.50000 
1.16553, -0.54585 , -0.71544, 1.58421, -0.50000, 0.50000 
1.16930, -0.54586 , -0.71465, 1.58177, -0.50000, 0.50000 
1.17337, -0.54587 , -0.71367, 1.58055, -0.50000, 0.50000 
1.17756, -0.54588 , -0.71269, 1.57933, -0.50000, 0.50000 
1.18140, -0.54588 , -0.71210, 1.57811, -0.50000, 0.50000 
1.18512, -0.54589 , -0.71151, 1.57689, -0.50000, 0.50000 
1.18891, -0.54589 , -0.71053, 1.57567, -0.50000, 0.50000 
1.19258, -0.54589 , -0.70994, 1.57446, -0.50000, 0.50000 
1.19637, -0.54590 , -0.70935, 1.57324, -0.50000, 0.50000 
1.20069, -0.54590 , -0.70876, 1.57202, -0.50000, 0.50000 
1.20460, -0.54590 , -0.70817, 1.57080, -0.50000, 0.50000 
1.20815, -0.54590 , -0.70758, 1.56958, -0.50000, 0.50000 
1.21172, -0.54590 , -0.70699, 1.56836, -0.50000, 0.50000 
1.21541, -0.54589 , -0.70680, 1.56714, -0.50000, 0.50000 
1.21906, -0.54589 , -0.70621, 1.56592, -0.50000, 0.50000 
1.22282, -0.54589 , -0.70562, 1.56470, -0.50000, 0.50000 
1.22673, -0.54589 , -0.70523, 1.56470, -0.50000, 0.50000 
1.23051, -0.54588 , -0.70483, 1.56226, -0.50000, 0.50000 
1.23411, -0.54588 , -0.70444, 1.56226, -0.50000, 0.50000 
1.23780, -0.54588 , -0.70405, 1.55982, -0.50000, 0.50000 
1.24207, -0.54587 , -0.70385, 1.55860, -0.50000, 0.50000 
1.24593, -0.54587 , -0.70346, 1.55616, -0.50000, 0.50000 
1.25004, -0.54586 , -0.70307, 1.55616, -0.50000, 0.50000 
1.25446, -0.54586 , -0.70287, 1.55494, -0.50000, 0.50000 
1.26026, -0.54586 , -0.70267, 1.55372, -0.50000, 0.50000 
1.26480, -0.54586 , -0.70267, 1.55128, -0.50000, 0.50000 
1.26901, -0.54585 , -0.70248, 1.55006, -0.50000, 0.50000 
1.27281, -0.54585 , -0.70248, 1.55006, -0.50000, 0.50000 
1.27643, -0.54585 , -0.70248, 1.54762, -0.50000, 0.50000 
1.28035, -0.54585 , -0.70248, 1.54762, -0.50000, 0.50000 
1.28398, -0.54585 , -0.70228, 1.54641, -0.50000, 0.50000 
1.30700, -0.54586 , -0.70267, 1.54153, -0.50000, 0.50000 
1.31141, -0.54586 , -0.70287, 1.54031, -0.50000, 0.50000 
1.31537, -0.54587 , -0.70307, 1.54153, -0.50000, 0.50000 
1.32007, -0.54588 , -0.70326, 1.54031, -0.50000, 0.50000 
1.32388, -0.54589 , -0.70366, 1.54031, -0.50000, 0.50000 
1.32839, -0.54589 , -0.70366, 1.54031, -0.50000, 0.50000 
1.33227, -0.54590 , -0.70405, 1.54031, -0.50000, 0.50000 
1.33599, -0.54591 , -0.70444, 1.54031, -0.50000, 0.50000 
1.34025, -0.54592 , -0.70464, 1.54153, -0.50000, 0.50000 
1.34435, -0.54593 , -0.70503, 1.54153, -0.50000, 0.50000 
1.34837, -0.54594 , -0.70542, 1.54153, -0.50000, 0.50000 
1.35230, -0.54596 , -0.70601, 1.54275, -0.50000, 0.50000 
1.35621, -0.54597 , -0.70640, 1.54275, -0.50000, 0.50000 
1.36057, -0.54599 , -0.70699, 1.54397, -0.50000, 0.50000 
1.36442, -0.54600 , -0.70738, 1.54397, -0.50000, 0.50000 
1.36882, -0.54601 , -0.70797, 1.54519, -0.50000, 0.50000 
1.37245, -0.54603 , -0.70856, 1.54641, -0.50000, 0.50000 
1.37610, -0.54604 , -0.70915, 1.54762, -0.50000, 0.50000 
1.37985, -0.54605 , -0.70954, 1.54762, -0.50000, 0.50000 
1.38408, -0.54606 , -0.71013, 1.54884, -0.50000, 0.50000 
1.38794, -0.54607 , -0.71072, 1.55006, -0.50000, 0.50000 
1.39191, -0.54609 , -0.71151, 1.55006, -0.50000, 0.50000 
1.39596, -0.54610 , -0.71210, 1.55128, -0.50000, 0.50000 
1.39962, -0.54611 , -0.71268, 1.55250, -0.50000, 0.50000 
1.40317, -0.54612 , -0.71327, 1.55372, -0.50000, 0.50000 
1.40687, -0.54613 , -0.71386, 1.55494, -0.50000, 0.50000 
1.41049, -0.54614 , -0.71445, 1.55616, -0.50000, 0.50000 
1.41553, -0.54616 , -0.71543, 1.55738, -0.50000, 0.50000 
1.41942, -0.54616 , -0.71602, 1.55860, -0.50000, 0.50000 
1.42337, -0.54618 , -0.71700, 1.55982, -0.50000, 0.50000 
1.42761, -0.54618 , -0.71779, 1.56226, -0.50000, 0.50000 
1.43137, -0.54619 , -0.71857, 1.56226, -0.50000, 0.50000 
1.43499, -0.54620 , -0.71936, 1.56470, -0.50000, 0.50000 
1.43889, -0.54620 , -0.71995, 1.56592, -0.50000, 0.50000 
1.44328, -0.54620 , -0.72113, 1.56836, -0.50000, 0.50000 
1.44730, -0.54621 , -0.72211, 1.56958, -0.50000, 0.50000 
1.45203, -0.54621 , -0.72309, 1.57080, -0.50000, 0.50000 
1.45604, -0.54620 , -0.72388, 1.57324, -0.50000, 0.50000 
1.45955, -0.54620 , -0.72486, 1.57446, -0.50000, 0.50000 
1.46361, -0.54620 , -0.72584, 1.57567, -0.50000, 0.50000 
1.46757, -0.54619 , -0.72662, 1.57811, -0.50000, 0.50000 
1.47153, -0.54619 , -0.72761, 1.57933, -0.50000, 0.50000 
1.47596, -0.54617 , -0.72898, 1.58299, -0.50000, 0.50000 
1.48212, -0.54616 , -0.73016, 1.58543, -0.50000, 0.50000 
1.48738, -0.54613 , -0.73134, 1.59031, -0.50000, 0.50000 
1.49160, -0.54604 , -0.73526, 1.60007, -0.50000, 0.50000 
1.50707, -0.54601 , -0.73624, 1.60372, -0.50000, 0.50000 
1.51109, -0.54597 , -0.73742, 1.60616, -0.50000, 0.50000 
1.51614, -0.54592 , -0.73879, 1.60982, -0.50000, 0.50000 
1.51987, -0.54588 , -0.73978, 1.61348, -0.50000, 0.50000 
1.52952, -0.54576 , -0.74233, 1.62202, -0.50000, 0.50000 
1.53422, -0.54570 , -0.74350, 1.62446, -0.50000, 0.50000 
1.53839, -0.54563 , -0.74468, 1.62934, -0.50000, 0.50000 
1.54312, -0.54556 , -0.74585, 1.63421, -0.50000, 0.50000 
1.54668, -0.54551 , -0.74664, 1.63909, -0.50000, 0.50000 
1.55079, -0.54545 , -0.74742, 1.64397, -0.50000, 0.50000 
1.56231, -0.54525 , -0.74997, 1.65739, -0.50000, 0.50000 
1.56641, -0.54518 , -0.75075, 1.66226, -0.50000, 0.50000 
1.57078, -0.54510 , -0.75153, 1.66714, -0.50000, 0.50000 
1.57531, -0.54503 , -0.75231, 1.67202, -0.50000, 0.50000 
1.57960, -0.54494 , -0.75309, 1.67690, -0.50000, 0.50000 
1.58378, -0.54468 , -0.75543, 1.69397, -0.50000, 0.50000 
1.59909, -0.54463 , -0.75582, 1.69885, -0.50000, 0.50000 
1.60309, -0.54457 , -0.75621, 1.70373, -0.50000, 0.50000 
1.60706, -0.54450 , -0.75680, 1.70983, -0.50000, 0.50000 
1.61132, -0.54441 , -0.75738, 1.71349, -0.50000, 0.50000 
1.62150, -0.54421 , -0.75874, 1.72690, -0.50000, 0.50000 
1.62643, -0.54411 , -0.75932, 1.73300, -0.50000, 0.50000 
1.63125, -0.54405 , -0.75971, 1.74032, -0.50000, 0.50000 
1.63575, -0.54395 , -0.76029, 1.74641, -0.50000, 0.50000 
1.63972, -0.54384 , -0.76087, 1.75251, -0.50000, 0.50000 
1.64354, -0.54377 , -0.76125, 1.75739, -0.50000, 0.50000 
1.65416, -0.54347 , -0.76279, 1.77202, -0.50000, 0.50000 
1.65849, -0.54335 , -0.76337, 1.77812, -0.50000, 0.50000 
1.66333, -0.54323 , -0.76395, 1.78422, -0.50000, 0.50000 
1.66846, -0.54310 , -0.76452, 1.79032, -0.50000, 0.50000 
1.67238, -0.54297 , -0.76510, 1.79642, -0.50000, 0.50000 
1.68318, -0.54270 , -0.76624, 1.80861, -0.50000, 0.50000 
1.68934, -0.54256 , -0.76682, 1.81715, -0.50000, 0.50000 
1.69373, -0.54246 , -0.76720, 1.82203, -0.50000, 0.50000 
1.69920, -0.54241 , -0.76739, 1.82812, -0.50000, 0.50000 
1.70323, -0.54231 , -0.76777, 1.83300, -0.50000, 0.50000 
1.71739, -0.54226 , -0.76795, 1.84886, -0.50000, 0.50000 
1.72190, -0.54226 , -0.76795, 1.85373, -0.50000, 0.50000 
1.72640, -0.54226 , -0.76795, 1.85861, -0.50000, 0.50000 
1.73118, -0.54226 , -0.76795, 1.86349, -0.50000, 0.50000 
1.73523, -0.54232 , -0.76777, 1.86715, -0.50000, 0.50000 
1.74511, -0.54249 , -0.76720, 1.87569, -0.50000, 0.50000 
1.74965, -0.54255 , -0.76702, 1.87935, -0.50000, 0.50000 
1.75476, -0.54267 , -0.76664, 1.88422, -0.50000, 0.50000 
1.75996, -0.54279 , -0.76627, 1.88910, -0.50000, 0.50000 
1.76928, -0.54304 , -0.76553, 1.89642, -0.50000, 0.50000 
1.77292, -0.54329 , -0.76478, 1.90130, -0.50000, 0.50000 
1.78077, -0.54342 , -0.76441, 1.90374, -0.50000, 0.50000 
1.78575, -0.54349 , -0.76422, 1.90740, -0.50000, 0.50000 
1.79032, -0.54362 , -0.76385, 1.90983, -0.50000, 0.50000 
1.79432, -0.54375 , -0.76348, 1.91227, -0.50000, 0.50000 
1.80899, -0.54421 , -0.76219, 1.92081, -0.50000, 0.50000 
1.81342, -0.54435 , -0.76182, 1.92325, -0.50000, 0.50000 
1.81781, -0.54448 , -0.76145, 1.92569, -0.50000, 0.50000 
1.82339, -0.54462 , -0.76109, 1.92813, -0.50000, 0.50000 
1.83369, -0.54497 , -0.76017, 1.93423, -0.50000, 0.50000 
1.83941, -0.54525 , -0.75943, 1.93667, -0.50000, 0.50000 
1.84399, -0.54539 , -0.75907, 1.93910, -0.50000, 0.50000 
1.84919, -0.54567 , -0.75833, 1.94154, -0.50000, 0.50000 
1.85309, -0.54581 , -0.75797, 1.94398, -0.50000, 0.50000 
1.85713, -0.54603 , -0.75742, 1.94520, -0.50000, 0.50000 
1.86802, -0.54661 , -0.75596, 1.95008, -0.50000, 0.50000 
1.87249, -0.54683 , -0.75541, 1.95130, -0.50000, 0.50000 
1.87808, -0.54712 , -0.75468, 1.95374, -0.50000, 0.50000 
1.88223, -0.54734 , -0.75414, 1.95496, -0.50000, 0.50000 
1.88619, -0.54763 , -0.75341, 1.95496, -0.50000, 0.50000 
1.90038, -0.54859 , -0.75104, 1.95862, -0.50000, 0.50000 
1.90651, -0.54904 , -0.74995, 1.96106, -0.50000, 0.50000 
1.91159, -0.54934 , -0.74923, 1.96106, -0.50000, 0.50000 
1.91676, -0.54971 , -0.74832, 1.96228, -0.50000, 0.50000 
1.92627, -0.55039 , -0.74669, 1.96350, -0.50000, 0.50000 
1.93185, -0.55077 , -0.74578, 1.96471, -0.50000, 0.50000 
1.93602, -0.55114 , -0.74487, 1.96593, -0.50000, 0.50000 
1.94019, -0.55137 , -0.74433, 1.96715, -0.50000, 0.50000 
1.94518, -0.55167 , -0.74361, 1.96715, -0.50000, 0.50000 
1.94959, -0.55198 , -0.74288, 1.96715, -0.50000, 0.50000 
1.96012, -0.55258 , -0.74143, 1.96959, -0.50000, 0.50000 
1.96453, -0.55281 , -0.74089, 1.97081, -0.50000, 0.50000 
1.96914, -0.55304 , -0.74035, 1.97203, -0.50000, 0.50000 
1.97352, -0.55327 , -0.73981, 1.97325, -0.50000, 0.50000 
1.97787, -0.55358 , -0.73908, 1.97325, -0.50000, 0.50000 
1.98169, -0.55428 , -0.73746, 1.97691, -0.50000, 0.50000 
1.99565, -0.55451 , -0.73692, 1.97813, -0.50000, 0.50000 
1.99998, -0.55482 , -0.73620, 1.97813, -0.50000, 0.50000 
2.00476, -0.55513 , -0.73548, 1.98057, -0.50000, 0.50000 
2.00922, -0.55537 , -0.73494, 1.98179, -0.50000, 0.50000 
2.01922, -0.55584 , -0.73386, 1.98667, -0.50000, 0.50000 
2.02427, -0.55608 , -0.73332, 1.98789, -0.50000, 0.50000 
2.02877, -0.55632 , -0.73278, 1.99155, -0.50000, 0.50000 
2.03381, -0.55656 , -0.73224, 1.99520, -0.50000, 0.50000 
2.03797, -0.55664 , -0.73206, 1.99886, -0.50000, 0.50000 
2.04205, -0.55697 , -0.73135, 2.00618, -0.50000, 0.50000 
2.05364, -0.55714 , -0.73100, 2.00862, -0.50000, 0.50000 
2.05801, -0.55722 , -0.73082, 2.01228, -0.50000, 0.50000 
2.06338, -0.55739 , -0.73046, 2.01472, -0.50000, 0.50000 
2.06729, -0.55747 , -0.73029, 2.01838, -0.50000, 0.50000 
2.07130, -0.55756 , -0.73011, 2.01960, -0.50000, 0.50000 
2.08514, -0.55799 , -0.72923, 2.03057, -0.50000, 0.50000 
2.08959, -0.55808 , -0.72905, 2.03423, -0.50000, 0.50000 
2.09416, -0.55825 , -0.72870, 2.03911, -0.50000, 0.50000 
2.09876, -0.55834 , -0.72852, 2.04277, -0.50000, 0.50000 
2.10263, -0.55861 , -0.72800, 2.05130, -0.50000, 0.50000 
2.11544, -0.55879 , -0.72765, 2.05862, -0.50000, 0.50000 
2.11975, -0.55889 , -0.72748, 2.06228, -0.50000, 0.50000 
2.12411, -0.55889 , -0.72748, 2.06716, -0.50000, 0.50000 
2.12837, -0.55898 , -0.72731, 2.07082, -0.50000, 0.50000 
2.13264, -0.55898 , -0.72731, 2.08057, -0.50000, 0.50000 
2.14382, -0.55898 , -0.72731, 2.08545, -0.50000, 0.50000 
2.14847, -0.55898 , -0.72731, 2.09033, -0.50000, 0.50000 
2.15351, -0.55898 , -0.72731, 2.09521, -0.50000, 0.50000 
2.15749, -0.55898 , -0.72731, 2.10009, -0.50000, 0.50000 
2.16131, -0.55888 , -0.72748, 2.10375, -0.50000, 0.50000 
2.17178, -0.55878 , -0.72765, 2.11716, -0.50000, 0.50000 
2.17674, -0.55878 , -0.72765, 2.12448, -0.50000, 0.50000 
2.18108, -0.55878 , -0.72765, 2.12936, -0.50000, 0.50000 
2.18611, -0.55868 , -0.72781, 2.13545, -0.50000, 0.50000 
2.19012, -0.55857 , -0.72798, 2.13911, -0.50000, 0.50000 
2.20505, -0.55836 , -0.72831, 2.15863, -0.50000, 0.50000 
2.20956, -0.55825 , -0.72847, 2.16472, -0.50000, 0.50000 
2.21365, -0.55814 , -0.72863, 2.17082, -0.50000, 0.50000 
2.21781, -0.55814 , -0.72863, 2.17570, -0.50000, 0.50000 
2.22330, -0.55791 , -0.72895, 2.19277, -0.50000, 0.50000 
2.23415, -0.55791 , -0.72895, 2.20009, -0.50000, 0.50000 
2.23886, -0.55768 , -0.72927, 2.20741, -0.50000, 0.50000 
2.24404, -0.55768 , -0.72927, 2.21473, -0.50000, 0.50000 
2.24808, -0.55756 , -0.72943, 2.22082, -0.50000, 0.50000 
2.25199, -0.55756 , -0.72943, 2.22570, -0.50000, 0.50000 
2.26253, -0.55744 , -0.72958, 2.24156, -0.50000, 0.50000 
2.26736, -0.55744 , -0.72958, 2.24643, -0.50000, 0.50000 
2.27178, -0.55744 , -0.72958, 2.25375, -0.50000, 0.50000 
2.27700, -0.55731 , -0.72973, 2.25985, -0.50000, 0.50000 
2.28091, -0.55731 , -0.72973, 2.26473, -0.50000, 0.50000 
2.29493, -0.55706 , -0.73003, 2.28424, -0.50000, 0.50000 
2.30048, -0.55706 , -0.73003, 2.29156, -0.50000, 0.50000 
2.30509, -0.55693 , -0.73018, 2.29766, -0.50000, 0.50000 
2.31000, -0.55693 , -0.73018, 2.30253, -0.50000, 0.50000 
2.31741, -0.55680 , -0.73032, 2.31351, -0.50000, 0.50000 
2.32790, -0.55666 , -0.73047, 2.32936, -0.50000, 0.50000 
2.33377, -0.55653 , -0.73061, 2.33790, -0.50000, 0.50000 
2.33794, -0.55653 , -0.73061, 2.34278, -0.50000, 0.50000 
2.34196, -0.55653 , -0.73061, 2.35010, -0.50000, 0.50000 
2.35706, -0.55625 , -0.73089, 2.36961, -0.50000, 0.50000 
2.36147, -0.55625 , -0.73089, 2.37449, -0.50000, 0.50000 
2.36590, -0.55625 , -0.73089, 2.38181, -0.50000, 0.50000 
2.37119, -0.55625 , -0.73089, 2.38668, -0.50000, 0.50000 
2.37516, -0.55625 , -0.73089, 2.40132, -0.50000, 0.50000 
2.38678, -0.55640 , -0.73075, 2.40742, -0.50000, 0.50000 
2.39138, -0.55640 , -0.73075, 2.41473, -0.50000, 0.50000 
2.39719, -0.55654 , -0.73062, 2.42083, -0.50000, 0.50000 
2.40135, -0.55654 , -0.73062, 2.42571, -0.50000, 0.50000 
2.41182, -0.55669 , -0.73050, 2.43912, -0.50000, 0.50000 
2.41738, -0.55699 , -0.73024, 2.44644, -0.50000, 0.50000 
2.42242, -0.55699 , -0.73024, 2.45132, -0.50000, 0.50000 
2.42721, -0.55714 , -0.73012, 2.45742, -0.50000, 0.50000 
2.43136, -0.55714 , -0.73012, 2.46230, -0.50000, 0.50000 
2.43567, -0.55776 , -0.72963, 2.47937, -0.50000, 0.50000 
2.44998, -0.55776 , -0.72963, 2.48425, -0.50000, 0.50000 
2.45371, -0.55791 , -0.72951, 2.48791, -0.50000, 0.50000 
2.45787, -0.55807 , -0.72939, 2.49157, -0.50000, 0.50000 
2.46206, -0.55823 , -0.72927, 2.49522, -0.50000, 0.50000 
2.46585, -0.55854 , -0.72904, 2.50010, -0.50000, 0.50000 
2.47567, -0.55917 , -0.72857, 2.50986, -0.50000, 0.50000 
2.47986, -0.55933 , -0.72846, 2.51352, -0.50000, 0.50000 
2.48405, -0.55965 , -0.72823, 2.51840, -0.50000, 0.50000 
2.48819, -0.55981 , -0.72811, 2.52205, -0.50000, 0.50000 
2.49180, -0.55997 , -0.72800, 2.52571, -0.50000, 0.50000 
2.49574, -0.56029 , -0.72777, 2.53059, -0.50000, 0.50000 
2.50618, -0.56077 , -0.72744, 2.54157, -0.50000, 0.50000 
2.51052, -0.56110 , -0.72722, 2.54645, -0.50000, 0.50000 
2.51542, -0.56126 , -0.72711, 2.55010, -0.50000, 0.50000 
2.52064, -0.56159 , -0.72689, 2.55498, -0.50000, 0.50000 
2.52455, -0.56192 , -0.72667, 2.55986, -0.50000, 0.50000 
2.53937, -0.56291 , -0.72603, 2.57450, -0.50000, 0.50000 
2.54384, -0.56324 , -0.72582, 2.57937, -0.50000, 0.50000 
2.54780, -0.56374 , -0.72551, 2.58303, -0.50000, 0.50000 
2.55299, -0.56407 , -0.72530, 2.58791, -0.50000, 0.50000 
2.55742, -0.56440 , -0.72509, 2.59279, -0.50000, 0.50000 
2.56779, -0.56541 , -0.72449, 2.60499, -0.50000, 0.50000 
2.57253, -0.56575 , -0.72429, 2.60986, -0.50000, 0.50000 
2.57717, -0.56643 , -0.72389, 2.61474, -0.50000, 0.50000 
2.58156, -0.56677 , -0.72369, 2.61962, -0.50000, 0.50000 
2.58513, -0.56694 , -0.72360, 2.62328, -0.50000, 0.50000 
2.58867, -0.56745 , -0.72330, 2.62694, -0.50000, 0.50000 
2.59217, -0.56762 , -0.72321, 2.63060, -0.50000, 0.50000 
2.59578, -0.56797 , -0.72302, 2.63547, -0.50000, 0.50000 
2.59996, -0.56848 , -0.72273, 2.63913, -0.50000, 0.50000 
2.60369, -0.56883 , -0.72254, 2.64401, -0.50000, 0.50000 
2.60795, -0.56917 , -0.72236, 2.64889, -0.50000, 0.50000 
2.61192, -0.56952 , -0.72217, 2.65377, -0.50000, 0.50000 
2.61546, -0.57004 , -0.72190, 2.65743, -0.50000, 0.50000 
2.61893, -0.57021 , -0.72181, 2.66109, -0.50000, 0.50000 
2.62247, -0.57056 , -0.72163, 2.66596, -0.50000, 0.50000 
2.62595, -0.57109 , -0.72136, 2.66962, -0.50000, 0.50000 
2.62956, -0.57126 , -0.72127, 2.67328, -0.50000, 0.50000 
2.63349, -0.57161 , -0.72109, 2.67816, -0.50000, 0.50000 
2.63735, -0.57214 , -0.72083, 2.68182, -0.50000, 0.50000 
2.64140, -0.57249 , -0.72066, 2.68670, -0.50000, 0.50000 
2.64519, -0.57284 , -0.72048, 2.69157, -0.50000, 0.50000 
2.64869, -0.57338 , -0.72023, 2.69523, -0.50000, 0.50000 
2.65219, -0.57355 , -0.72014, 2.69889, -0.50000, 0.50000 
2.65573, -0.57409 , -0.71989, 2.70255, -0.50000, 0.50000 
2.65959, -0.57462 , -0.71964, 2.70865, -0.50000, 0.50000 
2.66347, -0.57498 , -0.71948, 2.71353, -0.50000, 0.50000 
2.66740, -0.57533 , -0.71932, 2.71840, -0.50000, 0.50000 
2.67129, -0.57587 , -0.71908, 2.72206, -0.50000, 0.50000 
2.67480, -0.57641 , -0.71884, 2.72816, -0.50000, 0.50000 
2.67828, -0.57677 , -0.71868, 2.73304, -0.50000, 0.50000 
2.68200, -0.57731 , -0.71845, 2.73670, -0.50000, 0.50000 
2.68591, -0.57767 , -0.71830, 2.74158, -0.50000, 0.50000 
2.68968, -0.57822 , -0.71807, 2.74767, -0.50000, 0.50000 
2.69374, -0.57876 , -0.71784, 2.75133, -0.50000, 0.50000 
2.69776, -0.57912 , -0.71769, 2.75621, -0.50000, 0.50000 
2.70206, -0.57967 , -0.71747, 2.76231, -0.50000, 0.50000 
2.70560, -0.58022 , -0.71726, 2.76597, -0.50000, 0.50000 
2.70900, -0.58058 , -0.71711, 2.77085, -0.50000, 0.50000 
2.71241, -0.58095 , -0.71697, 2.77572, -0.50000, 0.50000 
2.71578, -0.58150 , -0.71676, 2.77938, -0.50000, 0.50000 
2.71937, -0.58187 , -0.71662, 2.78426, -0.50000, 0.50000 
2.72324, -0.58242 , -0.71642, 2.79036, -0.50000, 0.50000 
2.72724, -0.58279 , -0.71629, 2.79524, -0.50000, 0.50000 
2.73114, -0.58334 , -0.71609, 2.79890, -0.50000, 0.50000 
2.73519, -0.58390 , -0.71589, 2.80499, -0.50000, 0.50000 
2.73872, -0.58427 , -0.71576, 2.80987, -0.50000, 0.50000 
2.74223, -0.58464 , -0.71564, 2.81475, -0.50000, 0.50000 
2.74575, -0.58520 , -0.71545, 2.81841, -0.50000, 0.50000 
2.74980, -0.58557 , -0.71532, 2.82329, -0.50000, 0.50000 
2.75362, -0.58613 , -0.71514, 2.82938, -0.50000, 0.50000 
2.75763, -0.58651 , -0.71502, 2.83426, -0.50000, 0.50000 
2.76159, -0.58707 , -0.71484, 2.84036, -0.50000, 0.50000 
2.76507, -0.58763 , -0.71467, 2.84402, -0.50000, 0.50000 
2.76866, -0.58801 , -0.71456, 2.84890, -0.50000, 0.50000 
2.77213, -0.58857 , -0.71439, 2.85256, -0.50000, 0.50000 
2.77571, -0.58895 , -0.71428, 2.85743, -0.50000, 0.50000 
2.77954, -0.58970 , -0.71406, 2.86231, -0.50000, 0.50000 
2.78342, -0.59008 , -0.71395, 2.86719, -0.50000, 0.50000 
2.78757, -0.59065 , -0.71379, 2.87329, -0.50000, 0.50000 
2.79179, -0.59141 , -0.71359, 2.87817, -0.50000, 0.50000 
2.79531, -0.59197 , -0.71343, 2.88183, -0.50000, 0.50000 
2.79911, -0.59235 , -0.71333, 2.88670, -0.50000, 0.50000 
2.80258, -0.59292 , -0.71319, 2.89036, -0.50000, 0.50000 
2.80604, -0.59330 , -0.71309, 2.89524, -0.50000, 0.50000 
2.80959, -0.59388 , -0.71295, 2.89890, -0.50000, 0.50000 
2.81382, -0.59445 , -0.71281, 2.90500, -0.50000, 0.50000 
2.81799, -0.59521 , -0.71263, 2.90988, -0.50000, 0.50000 
2.82200, -0.59560 , -0.71254, 2.91475, -0.50000, 0.50000 
2.82581, -0.59636 , -0.71236, 2.91963, -0.50000, 0.50000 
2.82929, -0.59694 , -0.71223, 2.92329, -0.50000, 0.50000 
2.83280, -0.59732 , -0.71215, 2.92817, -0.50000, 0.50000 
2.83633, -0.59790 , -0.71203, 2.93183, -0.50000, 0.50000 
2.84027, -0.59847 , -0.71190, 2.93793, -0.50000, 0.50000 
2.84414, -0.59905 , -0.71179, 2.94158, -0.50000, 0.50000 
2.84810, -0.59943 , -0.71171, 2.94646, -0.50000, 0.50000 
2.85197, -0.60001 , -0.71160, 2.95012, -0.50000, 0.50000 
2.85546, -0.60059 , -0.71148, 2.95378, -0.50000, 0.50000 
2.85897, -0.60098 , -0.71141, 2.95866, -0.50000, 0.50000 
2.86249, -0.60156 , -0.71131, 2.96232, -0.50000, 0.50000 
2.86599, -0.60214 , -0.71120, 2.96598, -0.50000, 0.50000 
2.86967, -0.60291 , -0.71107, 2.97085, -0.50000, 0.50000 
2.87349, -0.60349 , -0.71097, 2.97451, -0.50000, 0.50000 
2.87734, -0.60407 , -0.71087, 2.97817, -0.50000, 0.50000 
2.88152, -0.60485 , -0.71075, 2.98305, -0.50000, 0.50000 
2.88531, -0.60562 , -0.71062, 2.98793, -0.50000, 0.50000 
2.88879, -0.60640 , -0.71050, 2.99037, -0.50000, 0.50000 
2.89226, -0.60698 , -0.71042, 2.99403, -0.50000, 0.50000 
2.89582, -0.60756 , -0.71033, 2.99768, -0.50000, 0.50000 
2.89932, -0.60815 , -0.71025, 3.00134, -0.50000, 0.50000 
2.90289, -0.60873 , -0.71017, 3.00500, -0.50000, 0.50000 
2.90697, -0.60951 , -0.71006, 3.00988, -0.50000, 0.50000 
2.91082, -0.61009 , -0.70998, 3.01354, -0.50000, 0.50000 
2.91489, -0.61087 , -0.70989, 3.01842, -0.50000, 0.50000 
2.91892, -0.61146 , -0.70982, 3.02208, -0.50000, 0.50000 
2.92250, -0.61204 , -0.70975, 3.02573, -0.50000, 0.50000 
2.92599, -0.61263 , -0.70968, 3.02939, -0.50000, 0.50000 
2.92958, -0.61341 , -0.70959, 3.03427, -0.50000, 0.50000 
2.93378, -0.61399 , -0.70953, 3.03793, -0.50000, 0.50000 
2.93776, -0.61477 , -0.70945, 3.04281, -0.50000, 0.50000 
2.94189, -0.61536 , -0.70939, 3.04647, -0.50000, 0.50000 
2.94543, -0.61595 , -0.70934, 3.05013, -0.50000, 0.50000 
2.94892, -0.61653 , -0.70929, 3.05378, -0.50000, 0.50000 
2.95300, -0.61712 , -0.70924, 3.05744, -0.50000, 0.50000 
2.95653, -0.61790 , -0.70917, 3.05988, -0.50000, 0.50000 
2.95994, -0.61849 , -0.70912, 3.06354, -0.50000, 0.50000 
2.96341, -0.61908 , -0.70908, 3.06720, -0.50000, 0.50000 
2.96758, -0.62006 , -0.70901, 3.07086, -0.50000, 0.50000 
2.97126, -0.62064 , -0.70897, 3.07452, -0.50000, 0.50000 
2.97544, -0.62143 , -0.70892, 3.07696, -0.50000, 0.50000 
2.97893, -0.62221 , -0.70887, 3.07939, -0.50000, 0.50000 
2.98243, -0.62280 , -0.70883, 3.08305, -0.50000, 0.50000 
2.98593, -0.62339 , -0.70880, 3.08427, -0.50000, 0.50000 
2.98945, -0.62398 , -0.70876, 3.08793, -0.50000, 0.50000 
2.99333, -0.62456 , -0.70873, 3.08915, -0.50000, 0.50000 
2.99711, -0.62535 , -0.70869, 3.09159, -0.50000, 0.50000 
3.00119, -0.62594 , -0.70866, 3.09525, -0.50000, 0.50000 
3.00493, -0.62653 , -0.70864, 3.09647, -0.50000, 0.50000 
3.00851, -0.62711 , -0.70861, 3.09769, -0.50000, 0.50000 
3.01204, -0.62770 , -0.70859, 3.09891, -0.50000, 0.50000 
3.01556, -0.62829 , -0.70856, 3.10013, -0.50000, 0.50000 
3.01905, -0.62888 , -0.70854, 3.10135, -0.50000, 0.50000 
3.02300, -0.62947 , -0.70851, 3.10257, -0.50000, 0.50000 
3.02697, -0.63025 , -0.70848, 3.10501, -0.50000, 0.50000 
3.03097, -0.63084 , -0.70846, 3.10623, -0.50000, 0.50000 
3.03481, -0.63143 , -0.70844, 3.10501, -0.50000, 0.50000 
3.03836, -0.63202 , -0.70842, 3.10623, -0.50000, 0.50000 
3.04193, -0.63241 , -0.70841, 3.10623, -0.50000, 0.50000 
3.04546, -0.63300 , -0.70839, 3.10744, -0.50000, 0.50000 
3.04895, -0.63359 , -0.70837, 3.10623, -0.50000, 0.50000 
3.05254, -0.63398 , -0.70835, 3.10623, -0.50000, 0.50000 
3.05669, -0.63477 , -0.70832, 3.10623, -0.50000, 0.50000 
3.06043, -0.63536 , -0.70830, 3.10501, -0.50000, 0.50000 
3.06457, -0.63594 , -0.70828, 3.10379, -0.50000, 0.50000 
3.06830, -0.63634 , -0.70827, 3.10379, -0.50000, 0.50000 
3.07185, -0.63673 , -0.70825, 3.10135, -0.50000, 0.50000 
3.07532, -0.63732 , -0.70823, 3.10013, -0.50000, 0.50000 
3.07890, -0.63791 , -0.70820, 3.09891, -0.50000, 0.50000 
3.08247, -0.63830 , -0.70818, 3.09647, -0.50000, 0.50000 
3.08672, -0.63889 , -0.70816, 3.09525, -0.50000, 0.50000 
3.09048, -0.63928 , -0.70814, 3.09281, -0.50000, 0.50000 
3.09468, -0.63967 , -0.70812, 3.09037, -0.50000, 0.50000 
3.09842, -0.64046 , -0.70808, 3.08793, -0.50000, 0.50000 
3.10189, -0.64085 , -0.70806, 3.08549, -0.50000, 0.50000 
3.10543, -0.64124 , -0.70803, 3.08305, -0.50000, 0.50000 
3.10888, -0.64163 , -0.70801, 3.08061, -0.50000, 0.50000 
3.11237, -0.64222 , -0.70797, 3.07696, -0.50000, 0.50000 
3.11682, -0.64281 , -0.70793, 3.07330, -0.50000, 0.50000 
3.12063, -0.64320 , -0.70791, 3.07086, -0.50000, 0.50000 
3.12440, -0.64379 , -0.70786, 3.06720, -0.50000, 0.50000 
3.12844, -0.64418 , -0.70783, 3.06232, -0.50000, 0.50000 
3.13205, -0.64457 , -0.70780, 3.05988, -0.50000, 0.50000 
3.13561, -0.64516 , -0.70775, 3.05622, -0.50000, 0.50000 
3.13915, -0.64574 , -0.70770, 3.05256, -0.50000, 0.50000 
3.14274, -0.64613 , -0.70767, 3.05013, -0.50000, 0.50000 
3.14724, -0.64692 , -0.70759, 3.04525, -0.50000, 0.50000 
3.15119, -0.64731 , -0.70755, 3.04037, -0.50000, 0.50000 
3.15518, -0.64789 , -0.70749, 3.03671, -0.50000, 0.50000 
3.15906, -0.64848 , -0.70743, 3.03305, -0.50000, 0.50000 
3.16258, -0.64906 , -0.70737, 3.02939, -0.50000, 0.50000 
3.16607, -0.64965 , -0.70730, 3.02573, -0.50000, 0.50000 
3.16964, -0.65004 , -0.70725, 3.02086, -0.50000, 0.50000 
3.17318, -0.65062 , -0.70718, 3.01720, -0.50000, 0.50000 
3.17750, -0.65140 , -0.70708, 3.01232, -0.50000, 0.50000 
3.18143, -0.65199 , -0.70700, 3.00866, -0.50000, 0.50000 
3.18557, -0.65257 , -0.70692, 3.00256, -0.50000, 0.50000 
3.18917, -0.65315 , -0.70684, 2.99890, -0.50000, 0.50000 
3.19270, -0.65374 , -0.70676, 2.99525, -0.50000, 0.50000 
3.19621, -0.65432 , -0.70667, 2.99159, -0.50000, 0.50000 
3.19973, -0.65490 , -0.70658, 2.98793, -0.50000, 0.50000 
3.20330, -0.65548 , -0.70649, 2.98427, -0.50000, 0.50000 
3.20753, -0.65626 , -0.70636, 2.97939, -0.50000, 0.50000 
3.21129, -0.65684 , -0.70627, 2.97573, -0.50000, 0.50000 
3.21529, -0.65761 , -0.70614, 2.97085, -0.50000, 0.50000 
3.21934, -0.65819 , -0.70604, 2.96720, -0.50000, 0.50000 
3.22279, -0.65897 , -0.70590, 2.96232, -0.50000, 0.50000 
3.22632, -0.65955 , -0.70579, 2.95866, -0.50000, 0.50000 
3.22985, -0.65993 , -0.70572, 2.95378, -0.50000, 0.50000 
3.23341, -0.66070 , -0.70557, 2.94890, -0.50000, 0.50000 
3.23756, -0.66147 , -0.70542, 2.94402, -0.50000, 0.50000 
3.24131, -0.66205 , -0.70530, 2.94036, -0.50000, 0.50000 
3.24576, -0.66301 , -0.70510, 2.93427, -0.50000, 0.50000 
3.24967, -0.66378 , -0.70494, 2.92939, -0.50000, 0.50000 
3.25319, -0.66436 , -0.70481, 2.92573, -0.50000, 0.50000 
3.25668, -0.66512 , -0.70464, 2.92085, -0.50000, 0.50000 
3.26019, -0.66570 , -0.70451, 2.91719, -0.50000, 0.50000 
3.26384, -0.66646 , -0.70434, 2.91231, -0.50000, 0.50000 
3.26818, -0.66723 , -0.70416, 2.90744, -0.50000, 0.50000 
3.27214, -0.66799 , -0.70397, 2.90256, -0.50000, 0.50000 
3.27638, -0.66894 , -0.70374, 2.89646, -0.50000, 0.50000 
3.28017, -0.66971 , -0.70354, 2.89158, -0.50000, 0.50000 
3.28366, -0.67028 , -0.70340, 2.88548, -0.50000, 0.50000 
3.28725, -0.67104 , -0.70320, 2.88061, -0.50000, 0.50000 
3.29173, -0.67198 , -0.70294, 2.87451, -0.50000, 0.50000 
3.29597, -0.67293 , -0.70268, 2.86841, -0.50000, 0.50000 
3.29980, -0.67369 , -0.70246, 2.86353, -0.50000, 0.50000 
3.30487, -0.67463 , -0.70219, 2.85500, -0.50000, 0.50000 
3.30896, -0.67557 , -0.70191, 2.84890, -0.50000, 0.50000 
3.31322, -0.67651 , -0.70162, 2.84280, -0.50000, 0.50000 
3.31718, -0.67707 , -0.70145, 2.83670, -0.50000, 0.50000 
3.32094, -0.67801 , -0.70115, 2.83060, -0.50000, 0.50000 
3.32469, -0.67857 , -0.70097, 2.82451, -0.50000, 0.50000 
3.32926, -0.67950 , -0.70066, 2.81597, -0.50000, 0.50000 
3.33313, -0.68024 , -0.70041, 2.80865, -0.50000, 0.50000 
3.33729, -0.68117 , -0.70008, 2.80255, -0.50000, 0.50000 
3.34105, -0.68172 , -0.69988, 2.79646, -0.50000, 0.50000 
3.34456, -0.68228 , -0.69968, 2.79036, -0.50000, 0.50000 
3.34819, -0.68301 , -0.69941, 2.78304, -0.50000, 0.50000 
3.35172, -0.68375 , -0.69913, 2.77816, -0.50000, 0.50000 
3.35529, -0.68448 , -0.69885, 2.77085, -0.50000, 0.50000 
3.35968, -0.68539 , -0.69849, 2.76231, -0.50000, 0.50000 
3.36347, -0.68612 , -0.69820, 2.75499, -0.50000, 0.50000 
3.36771, -0.68685 , -0.69790, 2.74767, -0.50000, 0.50000 
3.37135, -0.68775 , -0.69752, 2.74158, -0.50000, 0.50000 
3.37487, -0.68848 , -0.69721, 2.73426, -0.50000, 0.50000 
3.37835, -0.68902 , -0.69698, 2.72816, -0.50000, 0.50000 
3.38194, -0.68974 , -0.69666, 2.72084, -0.50000, 0.50000 
3.38565, -0.69063 , -0.69625, 2.71231, -0.50000, 0.50000 
3.38974, -0.69152 , -0.69584, 2.70377, -0.50000, 0.50000 
3.39373, -0.69223 , -0.69551, 2.69645, -0.50000, 0.50000 
3.39754, -0.69312 , -0.69508, 2.69035, -0.50000, 0.50000 
3.40180, -0.69400 , -0.69465, 2.68182, -0.50000, 0.50000 
3.40537, -0.69470 , -0.69430, 2.67694, -0.50000, 0.50000 
3.40892, -0.69540 , -0.69394, 2.66962, -0.50000, 0.50000 
3.41242, -0.69627 , -0.69349, 2.66352, -0.50000, 0.50000 
3.41601, -0.69697 , -0.69313, 2.65621, -0.50000, 0.50000 
3.42016, -0.69784 , -0.69267, 2.65011, -0.50000, 0.50000 
3.42411, -0.69870 , -0.69220, 2.64401, -0.50000, 0.50000 
3.42816, -0.69956 , -0.69173, 2.63547, -0.50000, 0.50000 
3.43182, -0.70025 , -0.69135, 2.63060, -0.50000, 0.50000 
3.43525, -0.70110 , -0.69087, 2.62450, -0.50000, 0.50000 
3.43884, -0.70178 , -0.69048, 2.61962, -0.50000, 0.50000 
3.44237, -0.70263 , -0.68998, 2.61352, -0.50000, 0.50000 
3.44618, -0.70348 , -0.68949, 2.60742, -0.50000, 0.50000 
3.45044, -0.70432 , -0.68898, 2.60133, -0.50000, 0.50000 
3.45424, -0.70516 , -0.68848, 2.59523, -0.50000, 0.50000 
3.45820, -0.70600 , -0.68796, 2.58913, -0.50000, 0.50000 
3.46191, -0.70667 , -0.68755, 2.58425, -0.50000, 0.50000 
3.46546, -0.70733 , -0.68713, 2.57937, -0.50000, 0.50000 
3.46896, -0.70833 , -0.68650, 2.57450, -0.50000, 0.50000 
3.47270, -0.70899 , -0.68608, 2.56962, -0.50000, 0.50000 
3.47623, -0.70965 , -0.68565, 2.56474, -0.50000, 0.50000 
4.03558, -0.82089 , -0.58010, 2.20009, -0.50000, 0.50000 
4.03927, -0.82158 , -0.57915, 2.19765, -0.50000, 0.50000 
4.04315, -0.82216 , -0.57835, 2.19643, -0.50000, 0.50000 
4.04669, -0.82273 , -0.57755, 2.19521, -0.50000, 0.50000 
4.05035, -0.82342 , -0.57660, 2.19277, -0.50000, 0.50000 
4.05410, -0.82411 , -0.57564, 2.19033, -0.50000, 0.50000 
4.05769, -0.82467 , -0.57484, 2.18911, -0.50000, 0.50000 
4.06123, -0.82536 , -0.57388, 2.18668, -0.50000, 0.50000 
4.06484, -0.82604 , -0.57292, 2.18424, -0.50000, 0.50000 
4.06906, -0.82683 , -0.57179, 2.18302, -0.50000, 0.50000 
4.07293, -0.82750 , -0.57083, 2.18058, -0.50000, 0.50000 
4.07717, -0.82829 , -0.56970, 2.17936, -0.50000, 0.50000 
4.08092, -0.82896 , -0.56873, 2.17692, -0.50000, 0.50000 
4.08454, -0.82963 , -0.56776, 2.17448, -0.50000, 0.50000 
4.08828, -0.83041 , -0.56663, 2.17326, -0.50000, 0.50000 
4.09184, -0.83108 , -0.56566, 2.17082, -0.50000, 0.50000 
4.09536, -0.83174 , -0.56469, 2.16838, -0.50000, 0.50000 
4.09894, -0.83240 , -0.56371, 2.16594, -0.50000, 0.50000 
4.10255, -0.83306 , -0.56274, 2.16594, -0.50000, 0.50000 
4.10654, -0.83383 , -0.56160, 2.16228, -0.50000, 0.50000 
4.11047, -0.83460 , -0.56046, 2.16106, -0.50000, 0.50000 
4.11468, -0.83536 , -0.55931, 2.15984, -0.50000, 0.50000 
4.11861, -0.83602 , -0.55833, 2.15741, -0.50000, 0.50000 
4.12215, -0.83678 , -0.55719, 2.15619, -0.50000, 0.50000 
4.12572, -0.83742 , -0.55620, 2.15375, -0.50000, 0.50000 
4.12932, -0.83818 , -0.55506, 2.15253, -0.50000, 0.50000 
4.13295, -0.83883 , -0.55407, 2.15009, -0.50000, 0.50000 
4.13662, -0.83958 , -0.55292, 2.14887, -0.50000, 0.50000 
4.14096, -0.84033 , -0.55177, 2.14765, -0.50000, 0.50000 
4.14531, -0.84129 , -0.55029, 2.14399, -0.50000, 0.50000 
4.15081, -0.84225 , -0.54880, 2.14277, -0.50000, 0.50000 
4.15464, -0.84299 , -0.54765, 2.14155, -0.50000, 0.50000 
4.15848, -0.84384 , -0.54632, 2.13911, -0.50000, 0.50000 
4.16201, -0.84437 , -0.54549, 2.13789, -0.50000, 0.50000 
4.16562, -0.84510 , -0.54434, 2.13667, -0.50000, 0.50000 
4.16929, -0.84594 , -0.54301, 2.13423, -0.50000, 0.50000 
4.17280, -0.84668 , -0.54185, 2.13301, -0.50000, 0.50000 
4.17696, -0.84751 , -0.54052, 2.13058, -0.50000, 0.50000 
4.18068, -0.84835 , -0.53918, 2.12814, -0.50000, 0.50000 
4.18493, -0.84928 , -0.53768, 2.12692, -0.50000, 0.50000 
4.18862, -0.85000 , -0.53652, 2.12570, -0.50000, 0.50000 
4.19212, -0.85083 , -0.53518, 2.12326, -0.50000, 0.50000 
4.19566, -0.85155 , -0.53401, 2.12204, -0.50000, 0.50000 
4.20016, -0.85258 , -0.53234, 2.11960, -0.50000, 0.50000 
4.20436, -0.85339 , -0.53099, 2.11716, -0.50000, 0.50000 
4.20864, -0.85441 , -0.52932, 2.11472, -0.50000, 0.50000 
4.21223, -0.85512 , -0.52814, 2.11350, -0.50000, 0.50000 
4.21568, -0.85583 , -0.52696, 2.10984, -0.50000, 0.50000 
4.21931, -0.85654 , -0.52578, 2.10862, -0.50000, 0.50000 
4.22285, -0.85734 , -0.52443, 2.10618, -0.50000, 0.50000 
4.22647, -0.85804 , -0.52325, 2.10496, -0.50000, 0.50000 
4.23047, -0.85894 , -0.52173, 2.10131, -0.50000, 0.50000 
4.23434, -0.85983 , -0.52020, 2.10009, -0.50000, 0.50000 
4.23849, -0.86062 , -0.51884, 2.09765, -0.50000, 0.50000 
4.24223, -0.86141 , -0.51748, 2.09521, -0.50000, 0.50000 
4.24576, -0.86210 , -0.51629, 2.09399, -0.50000, 0.50000 
4.24927, -0.86278 , -0.51510, 2.09033, -0.50000, 0.50000 
4.25280, -0.86356 , -0.51374, 2.08789, -0.50000, 0.50000 
4.25655, -0.86433 , -0.51237, 2.08545, -0.50000, 0.50000 
4.26066, -0.86511 , -0.51100, 2.08301, -0.50000, 0.50000 
4.26457, -0.86597 , -0.50946, 2.07935, -0.50000, 0.50000 
4.26890, -0.86683 , -0.50792, 2.07570, -0.50000, 0.50000 
4.27264, -0.86758 , -0.50654, 2.07326, -0.50000, 0.50000 
4.27619, -0.86825 , -0.50534, 2.07204, -0.50000, 0.50000 
4.27972, -0.86890 , -0.50413, 2.06838, -0.50000, 0.50000 
4.28324, -0.86965 , -0.50275, 2.06594, -0.50000, 0.50000 
4.28679, -0.87040 , -0.50136, 2.06350, -0.50000, 0.50000 
4.29049, -0.87123 , -0.49981, 2.05984, -0.50000, 0.50000 
4.29465, -0.87206 , -0.49824, 2.05618, -0.50000, 0.50000 
4.29852, -0.87288 , -0.49668, 2.05252, -0.50000, 0.50000 
4.30270, -0.87361 , -0.49529, 2.05008, -0.50000, 0.50000 
4.30629, -0.87433 , -0.49389, 2.04521, -0.50000, 0.50000 
4.30984, -0.87495 , -0.49267, 2.04155, -0.50000, 0.50000 
4.31368, -0.87575 , -0.49109, 2.03789, -0.50000, 0.50000 
4.31735, -0.87645 , -0.48969, 2.03301, -0.50000, 0.50000 
4.32218, -0.87724 , -0.48810, 2.02691, -0.50000, 0.50000 
4.32655, -0.87810 , -0.48634, 2.02203, -0.50000, 0.50000 
4.33074, -0.87887 , -0.48475, 2.01838, -0.50000, 0.50000 
4.33452, -0.87954 , -0.48333, 2.01350, -0.50000, 0.50000 
4.33825, -0.88013 , -0.48209, 2.00984, -0.50000, 0.50000 
4.34202, -0.88088 , -0.48049, 2.00618, -0.50000, 0.50000 
4.34573, -0.88154 , -0.47906, 2.00130, -0.50000, 0.50000 
4.34961, -0.88219 , -0.47763, 1.99642, -0.50000, 0.50000 
4.35328, -0.88283 , -0.47620, 1.99155, -0.50000, 0.50000 
4.35733, -0.88347 , -0.47476, 1.98667, -0.50000, 0.50000 
4.36104, -0.88410 , -0.47332, 1.98179, -0.50000, 0.50000 
4.36469, -0.88480 , -0.47170, 1.97569, -0.50000, 0.50000 
4.36923, -0.88549 , -0.47008, 1.96959, -0.50000, 0.50000 
4.37323, -0.88625 , -0.46826, 1.96471, -0.50000, 0.50000 
4.37792, -0.88700 , -0.46645, 1.95740, -0.50000, 0.50000 
4.38167, -0.88759 , -0.46499, 1.95252, -0.50000, 0.50000 
4.38528, -0.88810 , -0.46372, 1.94642, -0.50000, 0.50000 
4.38893, -0.88867 , -0.46225, 1.94154, -0.50000, 0.50000 
4.39338, -0.88937 , -0.46042, 1.93423, -0.50000, 0.50000 
4.39751, -0.88993 , -0.45895, 1.92935, -0.50000, 0.50000 
4.40245, -0.89068 , -0.45692, 1.92081, -0.50000, 0.50000 
4.40597, -0.89115 , -0.45563, 1.91471, -0.50000, 0.50000 
4.40959, -0.89167 , -0.45415, 1.90983, -0.50000, 0.50000 
4.41319, -0.89212 , -0.45285, 1.90374, -0.50000, 0.50000 
4.41903, -0.89295 , -0.45044, 1.89520, -0.50000, 0.50000 
4.42354, -0.89357 , -0.44858, 1.88788, -0.50000, 0.50000 
4.42762, -0.89405 , -0.44708, 1.88057, -0.50000, 0.50000 
4.43226, -0.89464 , -0.44521, 1.87325, -0.50000, 0.50000 
4.43630, -0.89516 , -0.44352, 1.86715, -0.50000, 0.50000 
4.44081, -0.89573 , -0.44164, 1.85983, -0.50000, 0.50000 
4.45143, -0.89698 , -0.43730, 1.84154, -0.50000, 0.50000 
4.45670, -0.89755 , -0.43522, 1.83300, -0.50000, 0.50000 
4.46187, -0.89815 , -0.43294, 1.82568, -0.50000, 0.50000 
4.46713, -0.89864 , -0.43104, 1.81837, -0.50000, 0.50000 
4.47146, -0.89911 , -0.42913, 1.81105, -0.50000, 0.50000 
4.48226, -0.90019 , -0.42454, 1.79398, -0.50000, 0.50000 
4.48718, -0.90062 , -0.42263, 1.78666, -0.50000, 0.50000 
4.49234, -0.90112 , -0.42032, 1.77934, -0.50000, 0.50000 
4.49680, -0.90148 , -0.41859, 1.77324, -0.50000, 0.50000 
4.50111, -0.90191 , -0.41648, 1.76715, -0.50000, 0.50000 
4.51165, -0.90279 , -0.41185, 1.75251, -0.50000, 0.50000 
4.51649, -0.90318 , -0.40972, 1.74641, -0.50000, 0.50000 
4.52189, -0.90358 , -0.40740, 1.73910, -0.50000, 0.50000 
4.52630, -0.90393 , -0.40527, 1.73300, -0.50000, 0.50000 
4.53205, -0.90431 , -0.40295, 1.72568, -0.50000, 0.50000 
4.54501, -0.90520 , -0.39692, 1.70983, -0.50000, 0.50000 
4.55006, -0.90552 , -0.39459, 1.70495, -0.50000, 0.50000 
4.55543, -0.90583 , -0.39225, 1.70007, -0.50000, 0.50000 
4.56005, -0.90610 , -0.39011, 1.69397, -0.50000, 0.50000 
4.56439, -0.90666 , -0.38543, 1.68422, -0.50000, 0.50000 
4.57571, -0.90698 , -0.38250, 1.67812, -0.50000, 0.50000 
4.58097, -0.90723 , -0.38016, 1.67324, -0.50000, 0.50000 
4.58593, -0.90746 , -0.37782, 1.66836, -0.50000, 0.50000 
4.59043, -0.90767 , -0.37567, 1.66470, -0.50000, 0.50000 
4.59480, -0.90809 , -0.37097, 1.65495, -0.50000, 0.50000 
4.60604, -0.90834 , -0.36784, 1.65007, -0.50000, 0.50000 
4.61110, -0.90851 , -0.36569, 1.64641, -0.50000, 0.50000 
4.61552, -0.90868 , -0.36334, 1.64153, -0.50000, 0.50000 
4.62011, -0.90882 , -0.36138, 1.63909, -0.50000, 0.50000 
4.62435, -0.90896 , -0.35923, 1.63543, -0.50000, 0.50000 
4.63057, -0.90916 , -0.35609, 1.63055, -0.50000, 0.50000 
4.63464, -0.90926 , -0.35433, 1.62690, -0.50000, 0.50000 
4.64750, -0.90960 , -0.34785, 1.61836, -0.50000, 0.50000 
4.65176, -0.90968 , -0.34609, 1.61470, -0.50000, 0.50000 
4.65545, -0.90976 , -0.34413, 1.61226, -0.50000, 0.50000 
4.65910, -0.90982 , -0.34256, 1.60982, -0.50000, 0.50000 
4.66294, -0.90990 , -0.34060, 1.60738, -0.50000, 0.50000 
4.66742, -0.90998 , -0.33824, 1.60494, -0.50000, 0.50000 
4.67184, -0.91005 , -0.33628, 1.60250, -0.50000, 0.50000 
4.67612, -0.91011 , -0.33412, 1.59885, -0.50000, 0.50000 
4.68005, -0.91016 , -0.33235, 1.59763, -0.50000, 0.50000 
4.68368, -0.91020 , -0.33059, 1.59397, -0.50000, 0.50000 
4.68743, -0.91024 , -0.32882, 1.59275, -0.50000, 0.50000 
4.69106, -0.91028 , -0.32686, 1.59031, -0.50000, 0.50000 
4.69475, -0.91031 , -0.32529, 1.58787, -0.50000, 0.50000 
4.69937, -0.91035 , -0.32293, 1.58543, -0.50000, 0.50000 
4.70341, -0.91038 , -0.32097, 1.58299, -0.50000, 0.50000 
4.70754, -0.91040 , -0.31900, 1.58055, -0.50000, 0.50000 
4.71139, -0.91041 , -0.31724, 1.57933, -0.50000, 0.50000 
4.71492, -0.91043 , -0.31547, 1.57811, -0.50000, 0.50000 
4.71866, -0.91044 , -0.31370, 1.57446, -0.50000, 0.50000 
4.72228, -0.91044 , -0.31194, 1.57324, -0.50000, 0.50000 
4.72614, -0.91045 , -0.30997, 1.57080, -0.50000, 0.50000 
4.73059, -0.91044 , -0.30781, 1.56958, -0.50000, 0.50000 
4.73464, -0.91044 , -0.30585, 1.56714, -0.50000, 0.50000 
4.73905, -0.91043 , -0.30389, 1.56470, -0.50000, 0.50000 
4.74285, -0.91042 , -0.30192, 1.56226, -0.50000, 0.50000 
4.74637, -0.91040 , -0.30035, 1.55982, -0.50000, 0.50000 
4.74994, -0.91038 , -0.29858, 1.55860, -0.50000, 0.50000 
4.75359, -0.91036 , -0.29682, 1.55738, -0.50000, 0.50000 
4.75771, -0.91033 , -0.29485, 1.55494, -0.50000, 0.50000 
4.76163, -0.91030 , -0.29309, 1.55372, -0.50000, 0.50000 
4.76570, -0.91026 , -0.29093, 1.55250, -0.50000, 0.50000 
4.76967, -0.91023 , -0.28916, 1.54884, -0.50000, 0.50000 
4.77360, -0.91019 , -0.28739, 1.54762, -0.50000, 0.50000 
4.77723, -0.91014 , -0.28563, 1.54397, -0.50000, 0.50000 
4.78080, -0.91009 , -0.28386, 1.54275, -0.50000, 0.50000 
4.78442, -0.91004 , -0.28209, 1.54153, -0.50000, 0.50000 
4.78835, -0.90998 , -0.28013, 1.53909, -0.50000, 0.50000 
4.79239, -0.90993 , -0.27837, 1.53787, -0.50000, 0.50000 
4.79627, -0.90986 , -0.27640, 1.53543, -0.50000, 0.50000 
4.80038, -0.90979 , -0.27444, 1.53299, -0.50000, 0.50000 
4.80405, -0.90973 , -0.27287, 1.53055, -0.50000, 0.50000 
4.80773, -0.90965 , -0.27111, 1.52689, -0.50000, 0.50000 
4.81128, -0.90957 , -0.26934, 1.52567, -0.50000, 0.50000 
4.81499, -0.90950 , -0.26777, 1.52323, -0.50000, 0.50000 
4.81899, -0.90940 , -0.26581, 1.52079, -0.50000, 0.50000 
4.82312, -0.90930 , -0.26385, 1.51836, -0.50000, 0.50000 
4.82707, -0.90920 , -0.26189, 1.51592, -0.50000, 0.50000 
4.83135, -0.90909 , -0.25993, 1.51348, -0.50000, 0.50000 
4.83493, -0.90900 , -0.25836, 1.51104, -0.50000, 0.50000 
4.83859, -0.90889 , -0.25660, 1.50738, -0.50000, 0.50000 
4.84213, -0.90877 , -0.25483, 1.50616, -0.50000, 0.50000 
4.84575, -0.90867 , -0.25327, 1.50372, -0.50000, 0.50000 
4.84983, -0.90854 , -0.25131, 1.50128, -0.50000, 0.50000 
4.85379, -0.90843 , -0.24974, 1.49884, -0.50000, 0.50000 
4.85779, -0.90828 , -0.24778, 1.49396, -0.50000, 0.50000 
4.86177, -0.90814 , -0.24602, 1.49274, -0.50000, 0.50000 
4.86530, -0.90803 , -0.24465, 1.48909, -0.50000, 0.50000 
4.86891, -0.90790 , -0.24308, 1.48665, -0.50000, 0.50000 
4.87240, -0.90777 , -0.24152, 1.48421, -0.50000, 0.50000 
4.87592, -0.90763 , -0.23995, 1.48177, -0.50000, 0.50000 
4.88013, -0.90745 , -0.23800, 1.47933, -0.50000, 0.50000 
4.88413, -0.90729 , -0.23624, 1.47567, -0.50000, 0.50000 
4.88829, -0.90710 , -0.23429, 1.47323, -0.50000, 0.50000 
4.89218, -0.90693 , -0.23253, 1.46957, -0.50000, 0.50000 
4.89574, -0.90677 , -0.23096, 1.46713, -0.50000, 0.50000 
4.89931, -0.90660 , -0.22940, 1.46469, -0.50000, 0.50000 
4.90284, -0.90643 , -0.22784, 1.46226, -0.50000, 0.50000 
4.90643, -0.90626 , -0.22628, 1.45982, -0.50000, 0.50000 
4.91054, -0.90606 , -0.22452, 1.45616, -0.50000, 0.50000 
4.91433, -0.90588 , -0.22296, 1.45372, -0.50000, 0.50000 
4.91832, -0.90569 , -0.22140, 1.45128, -0.50000, 0.50000 
4.92205, -0.90551 , -0.21984, 1.44884, -0.50000, 0.50000 
4.92561, -0.90531 , -0.21828, 1.44640, -0.50000, 0.50000 
4.92924, -0.90511 , -0.21673, 1.44152, -0.50000, 0.50000 
4.93278, -0.90491 , -0.21517, 1.43908, -0.50000, 0.50000 
4.93634, -0.90470 , -0.21361, 1.43664, -0.50000, 0.50000 
4.94015, -0.90449 , -0.21206, 1.43421, -0.50000, 0.50000 
4.94461, -0.90425 , -0.21031, 1.43055, -0.50000, 0.50000 
4.94852, -0.90400 , -0.20856, 1.42689, -0.50000, 0.50000 
4.95249, -0.90377 , -0.20700, 1.42445, -0.50000, 0.50000 
4.95605, -0.90354 , -0.20545, 1.42201, -0.50000, 0.50000 
4.95964, -0.90330 , -0.20389, 1.41957, -0.50000, 0.50000 
4.96310, -0.90306 , -0.20234, 1.41713, -0.50000, 0.50000 
4.96672, -0.90282 , -0.20079, 1.41469, -0.50000, 0.50000 
4.97069, -0.90254 , -0.19905, 1.41103, -0.50000, 0.50000 
4.97455, -0.90229 , -0.19749, 1.40859, -0.50000, 0.50000 
4.97867, -0.90200 , -0.19575, 1.40494, -0.50000, 0.50000 
4.98258, -0.90174 , -0.19420, 1.40250, -0.50000, 0.50000 
4.98607, -0.90148 , -0.19265, 1.40006, -0.50000, 0.50000 
4.98963, -0.90121 , -0.19111, 1.39762, -0.50000, 0.50000 
4.99317, -0.90094 , -0.18956, 1.39518, -0.50000, 0.50000 
4.99674, -0.90066 , -0.18801, 1.39274, -0.50000, 0.50000 
5.00067, -0.90038 , -0.18647, 1.39030, -0.50000, 0.50000 
5.00460, -0.90006 , -0.18473, 1.38664, -0.50000, 0.50000 
5.00883, -0.89970 , -0.18280, 1.38420, -0.50000, 0.50000 
5.01270, -0.89940 , -0.18126, 1.38176, -0.50000, 0.50000 
5.01632, -0.89911 , -0.17971, 1.37933, -0.50000, 0.50000 
5.01980, -0.89881 , -0.17817, 1.37689, -0.50000, 0.50000 
5.02334, -0.89850 , -0.17663, 1.37445, -0.50000, 0.50000 
5.02693, -0.89819 , -0.17509, 1.37201, -0.50000, 0.50000 
5.03091, -0.89784 , -0.17336, 1.37079, -0.50000, 0.50000 
5.03501, -0.89749 , -0.17163, 1.36713, -0.50000, 0.50000 
5.03923, -0.89713 , -0.16990, 1.36591, -0.50000, 0.50000 
5.04336, -0.89677 , -0.16817, 1.36225, -0.50000, 0.50000 
5.04702, -0.89644 , -0.16663, 1.35981, -0.50000, 0.50000 
5.05055, -0.89615 , -0.16529, 1.35859, -0.50000, 0.50000 
5.05410, -0.89582 , -0.16375, 1.35615, -0.50000, 0.50000 
5.05769, -0.89548 , -0.16222, 1.35371, -0.50000, 0.50000 
5.06164, -0.89510 , -0.16049, 1.35249, -0.50000, 0.50000 
5.06559, -0.89476 , -0.15896, 1.35006, -0.50000, 0.50000 
5.06968, -0.89437 , -0.15724, 1.34884, -0.50000, 0.50000 
5.07360, -0.89402 , -0.15570, 1.34640, -0.50000, 0.50000 
5.07748, -0.89367 , -0.15417, 1.34396, -0.50000, 0.50000 
5.08105, -0.89327 , -0.15245, 1.34274, -0.50000, 0.50000 
5.08457, -0.89296 , -0.15111, 1.34152, -0.50000, 0.50000 
5.08858, -0.89260 , -0.14958, 1.33908, -0.50000, 0.50000 
5.09262, -0.89220 , -0.14786, 1.33786, -0.50000, 0.50000 
5.09647, -0.89183 , -0.14634, 1.33542, -0.50000, 0.50000 
5.10041, -0.89146 , -0.14481, 1.33298, -0.50000, 0.50000 
5.10455, -0.89105 , -0.14309, 1.33176, -0.50000, 0.50000 
5.10821, -0.89067 , -0.14157, 1.32932, -0.50000, 0.50000 
5.11177, -0.89030 , -0.14004, 1.32932, -0.50000, 0.50000 
5.11528, -0.88992 , -0.13852, 1.32688, -0.50000, 0.50000 
5.11888, -0.88954 , -0.13699, 1.32444, -0.50000, 0.50000 
5.12269, -0.88911 , -0.13528, 1.32323, -0.50000, 0.50000 
5.12684, -0.88872 , -0.13376, 1.32079, -0.50000, 0.50000 
5.13090, -0.88828 , -0.13204, 1.31957, -0.50000, 0.50000 
5.13476, -0.88789 , -0.13052, 1.31713, -0.50000, 0.50000 
5.13836, -0.88754 , -0.12919, 1.31591, -0.50000, 0.50000 
5.14186, -0.88715 , -0.12767, 1.31591, -0.50000, 0.50000 
5.14541, -0.88675 , -0.12615, 1.31347, -0.50000, 0.50000 
5.14900, -0.88640 , -0.12482, 1.31225, -0.50000, 0.50000 
5.15324, -0.88589 , -0.12293, 1.30981, -0.50000, 0.50000 
5.15710, -0.88554 , -0.12160, 1.30859, -0.50000, 0.50000 
5.16125, -0.88503 , -0.11970, 1.30615, -0.50000, 0.50000 
5.16493, -0.88467 , -0.11838, 1.30493, -0.50000, 0.50000 
5.16857, -0.88420 , -0.11667, 1.30371, -0.50000, 0.50000 
5.17210, -0.88384 , -0.11535, 1.30249, -0.50000, 0.50000 
5.17567, -0.88347 , -0.11402, 1.30127, -0.50000, 0.50000 
5.17932, -0.88300 , -0.11232, 1.30005, -0.50000, 0.50000 
5.18347, -0.88253 , -0.11062, 1.29883, -0.50000, 0.50000 
5.18751, -0.88210 , -0.10910, 1.29639, -0.50000, 0.50000 
5.19167, -0.88168 , -0.10759, 1.29396, -0.50000, 0.50000 
5.19540, -0.88124 , -0.10608, 1.29152, -0.50000, 0.50000 
5.19921, -0.88081 , -0.10457, 1.28908, -0.50000, 0.50000 
5.20281, -0.88037 , -0.10306, 1.28908, -0.50000, 0.50000 
5.20640, -0.87999 , -0.10174, 1.28786, -0.50000, 0.50000 
5.20987, -0.87955 , -0.10024, 1.28542, -0.50000, 0.50000 
5.21431, -0.87905 , -0.09854, 1.28420, -0.50000, 0.50000 
5.21825, -0.87861 , -0.09703, 1.28176, -0.50000, 0.50000 
5.22239, -0.87810 , -0.09534, 1.28054, -0.50000, 0.50000 
5.22653, -0.87771 , -0.09402, 1.27932, -0.50000, 0.50000 
5.23011, -0.87725 , -0.09252, 1.27688, -0.50000, 0.50000 
5.23364, -0.87685 , -0.09120, 1.27566, -0.50000, 0.50000 
5.23718, -0.87645 , -0.08989, 1.27444, -0.50000, 0.50000 
5.24082, -0.87605 , -0.08858, 1.27322, -0.50000, 0.50000 
5.24486, -0.87559 , -0.08707, 1.27078, -0.50000, 0.50000 
5.24897, -0.87512 , -0.08557, 1.26834, -0.50000, 0.50000 
5.25306, -0.87460 , -0.08389, 1.26713, -0.50000, 0.50000 
5.25703, -0.87418 , -0.08258, 1.26591, -0.50000, 0.50000 
5.26055, -0.87383 , -0.08145, 1.26347, -0.50000, 0.50000 
5.26409, -0.87341 , -0.08014, 1.26225, -0.50000, 0.50000 
5.26761, -0.87299 , -0.07883, 1.26103, -0.50000, 0.50000 
5.27116, -0.87251 , -0.07734, 1.25859, -0.50000, 0.50000 
5.27492, -0.87209 , -0.07603, 1.25737, -0.50000, 0.50000 
5.27902, -0.87160 , -0.07454, 1.25493, -0.50000, 0.50000 
5.28298, -0.87111 , -0.07304, 1.25249, -0.50000, 0.50000 
5.28697, -0.87068 , -0.07174, 1.25127, -0.50000, 0.50000 
5.29054, -0.87025 , -0.07043, 1.25005, -0.50000, 0.50000 
5.29409, -0.86982 , -0.06913, 1.24883, -0.50000, 0.50000 
5.29768, -0.86932 , -0.06764, 1.24639, -0.50000, 0.50000 
5.30133, -0.86888 , -0.06634, 1.24517, -0.50000, 0.50000 
5.30535, -0.86838 , -0.06485, 1.24273, -0.50000, 0.50000 
5.30935, -0.86793 , -0.06355, 1.24151, -0.50000, 0.50000 
5.31365, -0.86729 , -0.06169, 1.23908, -0.50000, 0.50000 
5.31749, -0.86685 , -0.06039, 1.23786, -0.50000, 0.50000 
5.32106, -0.86646 , -0.05928, 1.23542, -0.50000, 0.50000 
5.32456, -0.86601 , -0.05798, 1.23420, -0.50000, 0.50000 
5.32818, -0.86549 , -0.05650, 1.23176, -0.50000, 0.50000 
5.33182, -0.86503 , -0.05520, 1.23054, -0.50000, 0.50000 
5.33602, -0.86450 , -0.05372, 1.22810, -0.50000, 0.50000 
5.33993, -0.86404 , -0.05243, 1.22688, -0.50000, 0.50000 
5.34400, -0.86351 , -0.05095, 1.22444, -0.50000, 0.50000 
5.34793, -0.86304 , -0.04966, 1.22322, -0.50000, 0.50000 
5.35144, -0.86264 , -0.04855, 1.22078, -0.50000, 0.50000 
5.35497, -0.86217 , -0.04726, 1.21956, -0.50000, 0.50000 
5.35863, -0.86176 , -0.04616, 1.21712, -0.50000, 0.50000 
5.36220, -0.86128 , -0.04487, 1.21590, -0.50000, 0.50000 
5.36610, -0.86073 , -0.04339, 1.21346, -0.50000, 0.50000 
5.37010, -0.86025 , -0.04211, 1.21224, -0.50000, 0.50000 
5.37409, -0.85970 , -0.04064, 1.20981, -0.50000, 0.50000 
5.37814, -0.85921 , -0.03935, 1.20859, -0.50000, 0.50000 
5.38168, -0.85873 , -0.03807, 1.20737, -0.50000, 0.50000 
5.38525, -0.85831 , -0.03697, 1.20493, -0.50000, 0.50000 
5.38882, -0.85781 , -0.03568, 1.20371, -0.50000, 0.50000 
5.39245, -0.85732 , -0.03440, 1.20249, -0.50000, 0.50000 
5.39652, -0.85682 , -0.03312, 1.20127, -0.50000, 0.50000 
5.40036, -0.85625 , -0.03165, 1.19883, -0.50000, 0.50000 
5.40441, -0.85575 , -0.03037, 1.19761, -0.50000, 0.50000 
5.40871, -0.85518 , -0.02891, 1.19517, -0.50000, 0.50000 
5.41226, -0.85467 , -0.02763, 1.19395, -0.50000, 0.50000 
5.41582, -0.85424 , -0.02654, 1.19151, -0.50000, 0.50000 
5.41935, -0.85373 , -0.02526, 1.19029, -0.50000, 0.50000 
5.42294, -0.85329 , -0.02417, 1.18785, -0.50000, 0.50000 
5.42674, -0.85278 , -0.02289, 1.18663, -0.50000, 0.50000 
5.43086, -0.85219 , -0.02144, 1.18420, -0.50000, 0.50000 
5.43488, -0.85167 , -0.02017, 1.18298, -0.50000, 0.50000 
5.43902, -0.85115 , -0.01889, 1.18176, -0.50000, 0.50000 
5.44257, -0.85062 , -0.01762, 1.18054, -0.50000, 0.50000 
5.44609, -0.85010 , -0.01635, 1.17932, -0.50000, 0.50000 
5.44960, -0.84958 , -0.01508, 1.17810, -0.50000, 0.50000 
5.45319, -0.84905 , -0.01381, 1.17688, -0.50000, 0.50000 
5.45734, -0.84852 , -0.01254, 1.17566, -0.50000, 0.50000 
5.46120, -0.84799 , -0.01128, 1.17444, -0.50000, 0.50000 
5.46516, -0.84746 , -0.01001, 1.17078, -0.50000, 0.50000 
5.46893, -0.84700 , -0.00892, 1.17078, -0.50000, 0.50000 
5.47252, -0.84646 , -0.00766, 1.16956, -0.50000, 0.50000 
5.47605, -0.84600 , -0.00657, 1.16712, -0.50000, 0.50000 
5.47991, -0.84546 , -0.00531, 1.16590, -0.50000, 0.50000 
5.48348, -0.84500 , -0.00423, 1.16346, -0.50000, 0.50000 
5.48779, -0.84445 , -0.00297, 1.16224, -0.50000, 0.50000 
5.49172, -0.84390 , -0.00171, 1.16102, -0.50000, 0.50000 
5.49576, -0.84336 , -0.00044, 1.15980, -0.50000, 0.50000 
5.49973, -0.84281 , 0.00081, 1.15858, -0.50000, 0.50000 
5.50328, -0.84233 , 0.00189, 1.15858, -0.50000, 0.50000 
5.50702, -0.84178 , 0.00315, 1.15736, -0.50000, 0.50000 
5.51061, -0.84123 , 0.00441, 1.15615, -0.50000, 0.50000 
5.51417, -0.84083 , 0.00531, 1.15493, -0.50000, 0.50000 
5.51803, -0.84028 , 0.00657, 1.15371, -0.50000, 0.50000 
5.52199, -0.83972 , 0.00782, 1.15249, -0.50000, 0.50000 
5.52576, -0.83916 , 0.00908, 1.15127, -0.50000, 0.50000 
5.52997, -0.83860 , 0.01033, 1.15005, -0.50000, 0.50000 
5.53357, -0.83812 , 0.01141, 1.14761, -0.50000, 0.50000 
5.53722, -0.83763 , 0.01248, 1.14761, -0.50000, 0.50000 
5.54078, -0.83715 , 0.01356, 1.14517, -0.50000, 0.50000 
5.54444, -0.83658 , 0.01481, 1.14395, -0.50000, 0.50000 
5.54859, -0.83601 , 0.01606, 1.14273, -0.50000, 0.50000 
5.55263, -0.83544 , 0.01731, 1.14151, -0.50000, 0.50000 
5.55681, -0.83487 , 0.01856, 1.14029, -0.50000, 0.50000 
5.56052, -0.83446 , 0.01945, 1.13907, -0.50000, 0.50000 
5.56406, -0.83388 , 0.02070, 1.13785, -0.50000, 0.50000 
5.56759, -0.83339 , 0.02177, 1.13785, -0.50000, 0.50000 
5.57115, -0.83297 , 0.02266, 1.13663, -0.50000, 0.50000 
5.57477, -0.83239 , 0.02390, 1.13541, -0.50000, 0.50000 
5.57918, -0.83181 , 0.02515, 1.13419, -0.50000, 0.50000 
5.58308, -0.83132 , 0.02622, 1.13419, -0.50000, 0.50000 
5.58740, -0.83073 , 0.02746, 1.13297, -0.50000, 0.50000 
5.59118, -0.83015 , 0.02871, 1.13175, -0.50000, 0.50000 
5.59471, -0.82965 , 0.02977, 1.13175, -0.50000, 0.50000 
5.59830, -0.82923 , 0.03066, 1.13053, -0.50000, 0.50000 
5.60187, -0.82865 , 0.03191, 1.12931, -0.50000, 0.50000 
5.60544, -0.82823 , 0.03279, 1.12810, -0.50000, 0.50000 
5.60935, -0.82764 , 0.03403, 1.12688, -0.50000, 0.50000 
5.61353, -0.82713 , 0.03510, 1.12444, -0.50000, 0.50000 
5.61742, -0.82662 , 0.03616, 1.12444, -0.50000, 0.50000 
5.62157, -0.82603 , 0.03740, 1.12322, -0.50000, 0.50000 
5.62522, -0.82552 , 0.03846, 1.12322, -0.50000, 0.50000 
5.62881, -0.82509 , 0.03935, 1.12200, -0.50000, 0.50000 
5.63244, -0.82449 , 0.04058, 1.12078, -0.50000, 0.50000 
5.63607, -0.82398 , 0.04165, 1.12078, -0.50000, 0.50000 
5.64009, -0.82338 , 0.04288, 1.11956, -0.50000, 0.50000 
5.64397, -0.82295 , 0.04377, 1.11834, -0.50000, 0.50000 
5.64813, -0.82235 , 0.04500, 1.11712, -0.50000, 0.50000 
5.65184, -0.82184 , 0.04606, 1.11712, -0.50000, 0.50000 
5.65543, -0.82140 , 0.04694, 1.11590, -0.50000, 0.50000 
5.65907, -0.82080 , 0.04818, 1.11468, -0.50000, 0.50000 
5.66267, -0.82037 , 0.04906, 1.11346, -0.50000, 0.50000 
5.66620, -0.81993 , 0.04994, 1.11224, -0.50000, 0.50000 
5.66990, -0.81941 , 0.05099, 1.11224, -0.50000, 0.50000 
5.67398, -0.81880 , 0.05223, 1.11102, -0.50000, 0.50000 
5.67777, -0.81828 , 0.05328, 1.10858, -0.50000, 0.50000 
5.68195, -0.81775 , 0.05434, 1.10858, -0.50000, 0.50000 
5.68557, -0.81731 , 0.05522, 1.10736, -0.50000, 0.50000 
5.68911, -0.81688 , 0.05609, 1.10614, -0.50000, 0.50000 
5.69260, -0.81635 , 0.05715, 1.10614, -0.50000, 0.50000 
5.69631, -0.81591 , 0.05802, 1.10492, -0.50000, 0.50000 
5.70033, -0.81529 , 0.05925, 1.10370, -0.50000, 0.50000 
5.70434, -0.81476 , 0.06030, 1.10370, -0.50000, 0.50000 
5.70832, -0.81432 , 0.06118, 1.10248, -0.50000, 0.50000 
5.71211, -0.81378 , 0.06223, 1.10248, -0.50000, 0.50000 
5.71553, -0.81334 , 0.06311, 1.10126, -0.50000, 0.50000 
5.71915, -0.81290 , 0.06398, 1.10005, -0.50000, 0.50000 
5.72267, -0.81236 , 0.06503, 1.10005, -0.50000, 0.50000 
5.72665, -0.81192 , 0.06591, 1.09883, -0.50000, 0.50000 
5.73090, -0.81129 , 0.06713, 1.09761, -0.50000, 0.50000 
5.73477, -0.81084 , 0.06800, 1.09639, -0.50000, 0.50000 
5.73885, -0.81030 , 0.06905, 1.09639, -0.50000, 0.50000 
5.74294, -0.80985 , 0.06992, 1.09517, -0.50000, 0.50000 
5.74655, -0.80922 , 0.07115, 1.09395, -0.50000, 0.50000 
5.75006, -0.80877 , 0.07202, 1.09273, -0.50000, 0.50000 
5.75382, -0.80832 , 0.07289, 1.09151, -0.50000, 0.50000 
5.75736, -0.80787 , 0.07376, 1.09029, -0.50000, 0.50000 
5.76099, -0.80732 , 0.07481, 1.09029, -0.50000, 0.50000 
5.76510, -0.80687 , 0.07568, 1.08907, -0.50000, 0.50000 
5.76897, -0.80623 , 0.07689, 1.08785, -0.50000, 0.50000 
5.77325, -0.80578 , 0.07776, 1.08663, -0.50000, 0.50000 
5.77682, -0.80523 , 0.07881, 1.08663, -0.50000, 0.50000 
5.78032, -0.80477 , 0.07967, 1.08541, -0.50000, 0.50000 
5.78388, -0.80431 , 0.08054, 1.08419, -0.50000, 0.50000 
5.78750, -0.80376 , 0.08158, 1.08419, -0.50000, 0.50000 
5.79172, -0.80330 , 0.08245, 1.08297, -0.50000, 0.50000 
5.79551, -0.80284 , 0.08332, 1.08175, -0.50000, 0.50000 
5.79963, -0.80219 , 0.08453, 1.08053, -0.50000, 0.50000 
5.80330, -0.80182 , 0.08522, 1.08053, -0.50000, 0.50000 
5.80695, -0.80136 , 0.08609, 1.07931, -0.50000, 0.50000 
5.81049, -0.80090 , 0.08695, 1.07809, -0.50000, 0.50000 
5.81407, -0.80043 , 0.08782, 1.07687, -0.50000, 0.50000 
5.81770, -0.79997 , 0.08868, 1.07565, -0.50000, 0.50000 
5.82176, -0.79941 , 0.08972, 1.07565, -0.50000, 0.50000 
5.82570, -0.79894 , 0.09058, 1.07443, -0.50000, 0.50000 
5.82986, -0.79828 , 0.09179, 1.07321, -0.50000, 0.50000 
5.83381, -0.79781 , 0.09265, 1.07200, -0.50000, 0.50000 
5.83741, -0.79744 , 0.09334, 1.07200, -0.50000, 0.50000 
5.84091, -0.79688 , 0.09438, 1.07200, -0.50000, 0.50000 
5.84443, -0.79641 , 0.09524, 1.07078, -0.50000, 0.50000 
5.84805, -0.79593 , 0.09610, 1.06956, -0.50000, 0.50000 
5.85171, -0.79546 , 0.09696, 1.06834, -0.50000, 0.50000 
5.85584, -0.79489 , 0.09799, 1.06834, -0.50000, 0.50000 
5.85966, -0.79433 , 0.09903, 1.06590, -0.50000, 0.50000 
5.86406, -0.79385 , 0.09989, 1.06468, -0.50000, 0.50000 
5.86769, -0.79337 , 0.10074, 1.06346, -0.50000, 0.50000 
5.87121, -0.79280 , 0.10177, 1.06346, -0.50000, 0.50000 
5.87472, -0.79232 , 0.10263, 1.06224, -0.50000, 0.50000 
5.87835, -0.79185 , 0.10349, 1.06102, -0.50000, 0.50000 
5.88243, -0.79127 , 0.10452, 1.06102, -0.50000, 0.50000 
5.88629, -0.79069 , 0.10554, 1.05858, -0.50000, 0.50000 
5.89040, -0.79012 , 0.10657, 1.05858, -0.50000, 0.50000 
5.89410, -0.78964 , 0.10743, 1.05736, -0.50000, 0.50000 
5.89766, -0.78915 , 0.10828, 1.05614, -0.50000, 0.50000 
5.90120, -0.78867 , 0.10914, 1.05492, -0.50000, 0.50000 
5.90473, -0.78828 , 0.10982, 1.05492, -0.50000, 0.50000 
5.90840, -0.78770 , 0.11084, 1.05492, -0.50000, 0.50000 
5.91248, -0.78712 , 0.11187, 1.05248, -0.50000, 0.50000 
5.91639, -0.78663 , 0.11272, 1.05126, -0.50000, 0.50000 
5.92048, -0.78605 , 0.11374, 1.05126, -0.50000, 0.50000 
5.92444, -0.78556 , 0.11459, 1.05004, -0.50000, 0.50000 
5.92804, -0.78507 , 0.11545, 1.04882, -0.50000, 0.50000 
5.93157, -0.78458 , 0.11630, 1.04760, -0.50000, 0.50000 
5.93508, -0.78419 , 0.11698, 1.04760, -0.50000, 0.50000 
5.93870, -0.78370 , 0.11783, 1.04638, -0.50000, 0.50000 
5.94232, -0.78320 , 0.11868, 1.04516, -0.50000, 0.50000 
5.94648, -0.78271 , 0.11953, 1.04395, -0.50000, 0.50000 
5.95049, -0.78222 , 0.12037, 1.04273, -0.50000, 0.50000 
5.95458, -0.78182 , 0.12105, 1.04273, -0.50000, 0.50000 
5.95822, -0.78133 , 0.12190, 1.04151, -0.50000, 0.50000 
5.96165, -0.78083 , 0.12275, 1.04029, -0.50000, 0.50000 
5.96506, -0.78043 , 0.12342, 1.04029, -0.50000, 0.50000 
5.96871, -0.77993 , 0.12427, 1.03907, -0.50000, 0.50000 
5.97272, -0.77934 , 0.12529, 1.03907, -0.50000, 0.50000 
5.97665, -0.77884 , 0.12613, 1.03785, -0.50000, 0.50000 
5.98064, -0.77834 , 0.12698, 1.03663, -0.50000, 0.50000 
5.98482, -0.77784 , 0.12782, 1.03541, -0.50000, 0.50000 
5.98843, -0.77734 , 0.12867, 1.03419, -0.50000, 0.50000 
5.99194, -0.77684 , 0.12951, 1.03297, -0.50000, 0.50000 
5.99543, -0.77643 , 0.13018, 1.03297, -0.50000, 0.50000 
5.99900, -0.77593 , 0.13103, 1.03175, -0.50000, 0.50000 
6.00278, -0.77532 , 0.13204, 1.03175, -0.50000, 0.50000 
6.00691, -0.77482 , 0.13288, 1.03053, -0.50000, 0.50000 
6.01074, -0.77431 , 0.13372, 1.02931, -0.50000, 0.50000 
6.01489, -0.77371 , 0.13473, 1.02931, -0.50000, 0.50000 
6.01867, -0.77320 , 0.13557, 1.02809, -0.50000, 0.50000 
6.02222, -0.77280 , 0.13625, 1.02809, -0.50000, 0.50000 
6.02606, -0.77229 , 0.13709, 1.02687, -0.50000, 0.50000 
6.02970, -0.77188 , 0.13776, 1.02687, -0.50000, 0.50000 
6.03374, -0.77137 , 0.13860, 1.02565, -0.50000, 0.50000 
6.03773, -0.77086 , 0.13944, 1.02443, -0.50000, 0.50000 
6.04214, -0.77035 , 0.14028, 1.02321, -0.50000, 0.50000 
6.04573, -0.76994 , 0.14095, 1.02321, -0.50000, 0.50000 
6.04930, -0.76943 , 0.14178, 1.02199, -0.50000, 0.50000 
6.05282, -0.76912 , 0.14229, 1.02077, -0.50000, 0.50000 
6.05655, -0.76861 , 0.14312, 1.02199, -0.50000, 0.50000 
6.06043, -0.76810 , 0.14396, 1.02077, -0.50000, 0.50000 
6.06464, -0.76759 , 0.14480, 1.01955, -0.50000, 0.50000 
6.06876, -0.76707 , 0.14563, 1.01833, -0.50000, 0.50000 
6.07327, -0.76645 , 0.14664, 1.01833, -0.50000, 0.50000 
6.07811, -0.76583 , 0.14764, 1.01833, -0.50000, 0.50000 
6.08229, -0.76532 , 0.14847, 1.01712, -0.50000, 0.50000 
6.08623, -0.76480 , 0.14931, 1.01590, -0.50000, 0.50000 
6.09031, -0.76439 , 0.14998, 1.01590, -0.50000, 0.50000 
6.09614, -0.76356 , 0.15131, 1.01590, -0.50000, 0.50000 
6.10054, -0.76304 , 0.15215, 1.01468, -0.50000, 0.50000 
6.10484, -0.76252 , 0.15298, 1.01346, -0.50000, 0.50000 
6.10975, -0.76190 , 0.15398, 1.01346, -0.50000, 0.50000 
6.11416, -0.76055 , 0.15614, 1.01224, -0.50000, 0.50000 
6.12486, -0.75992 , 0.15714, 1.00980, -0.50000, 0.50000 
6.13004, -0.75930 , 0.15814, 1.00980, -0.50000, 0.50000 
6.13565, -0.75877 , 0.15897, 1.00858, -0.50000, 0.50000 
6.14018, -0.75815 , 0.15997, 1.00858, -0.50000, 0.50000 
6.15157, -0.75678 , 0.16213, 1.00736, -0.50000, 0.50000 
6.15709, -0.75615 , 0.16312, 1.00492, -0.50000, 0.50000 
6.16246, -0.75552 , 0.16412, 1.00492, -0.50000, 0.50000 
6.16717, -0.75500 , 0.16495, 1.00370, -0.50000, 0.50000 
6.17156, -0.75447 , 0.16577, 1.00492, -0.50000, 0.50000 
6.18131, -0.75320 , 0.16776, 1.00248, -0.50000, 0.50000 
6.18696, -0.75257 , 0.16875, 1.00248, -0.50000, 0.50000 
6.19232, -0.75193 , 0.16975, 1.00248, -0.50000, 0.50000 
6.19700, -0.75141 , 0.17057, 1.00126, -0.50000, 0.50000 
6.20145, -0.75088 , 0.17140, 1.00004, -0.50000, 0.50000 
6.21118, -0.74960 , 0.17338, 0.99760, -0.50000, 0.50000 
6.21697, -0.74885 , 0.17454, 0.99638, -0.50000, 0.50000 
6.22236, -0.74811 , 0.17569, 0.99516, -0.50000, 0.50000 
6.22758, -0.74757 , 0.17651, 0.99394, -0.50000, 0.50000 
6.23209, -0.74693 , 0.17750, 0.99394, -0.50000, 0.50000 
6.24338, -0.74564 , 0.17947, 0.99150, -0.50000, 0.50000 
6.24894, -0.74500 , 0.18046, 0.99150, -0.50000, 0.50000 
6.25410, -0.74435 , 0.18144, 0.99150, -0.50000, 0.50000 
6.25900, -0.74381 , 0.18227, 0.99028, -0.50000, 0.50000 
6.26354, -0.74328 , 0.18309, 0.98907, -0.50000, 0.50000 
6.27350, -0.74209 , 0.18489, 0.98785, -0.50000, 0.50000 
6.27909, -0.74144 , 0.18587, 0.98541, -0.50000, 0.50000 
6.28434, -0.74079 , 0.18686, 0.98541, -0.50000, 0.50000 
6.28914, -0.74035 , 0.18751, 0.98541, -0.50000, 0.50000 
6.29692, -0.73883 , 0.18980, 0.98297, -0.50000, 0.50000 
6.30616, -0.73829 , 0.19062, 0.98175, -0.50000, 0.50000 
6.31057, -0.73774 , 0.19143, 0.98053, -0.50000, 0.50000 
6.31597, -0.73708 , 0.19241, 0.98053, -0.50000, 0.50000 
6.32074, -0.73654 , 0.19323, 0.97931, -0.50000, 0.50000 
6.32509, -0.73588 , 0.19420, 0.97931, -0.50000, 0.50000 
6.33680, -0.73446 , 0.19632, 0.97809, -0.50000, 0.50000 
6.34201, -0.73391 , 0.19714, 0.97687, -0.50000, 0.50000 
6.34732, -0.73314 , 0.19827, 0.97565, -0.50000, 0.50000 
6.35193, -0.73270 , 0.19892, 0.97565, -0.50000, 0.50000 
6.35637, -0.73215 , 0.19974, 0.97443, -0.50000, 0.50000 
6.36099, -0.73171 , 0.20039, 0.97443, -0.50000, 0.50000 
6.36459, -0.73115 , 0.20120, 0.97321, -0.50000, 0.50000 
6.36891, -0.73071 , 0.20185, 0.97321, -0.50000, 0.50000 
6.37275, -0.73027 , 0.20250, 0.97321, -0.50000, 0.50000 
6.37672, -0.72994 , 0.20298, 0.97199, -0.50000, 0.50000 
6.38019, -0.72949 , 0.20363, 0.97199, -0.50000, 0.50000 
6.38371, -0.72916 , 0.20412, 0.97077, -0.50000, 0.50000 
6.38715, -0.72872 , 0.20477, 0.97077, -0.50000, 0.50000 
6.39060, -0.72839 , 0.20525, 0.97199, -0.50000, 0.50000 
6.39406, -0.72805 , 0.20574, 0.97077, -0.50000, 0.50000 
6.39773, -0.72761 , 0.20639, 0.97077, -0.50000, 0.50000 
6.40243, -0.72706 , 0.20720, 0.96955, -0.50000, 0.50000 
6.40615, -0.72661 , 0.20785, 0.96955, -0.50000, 0.50000 
6.41042, -0.72617 , 0.20849, 0.96955, -0.50000, 0.50000 
6.41402, -0.72583 , 0.20898, 0.96833, -0.50000, 0.50000 
6.41747, -0.72539 , 0.20963, 0.96833, -0.50000, 0.50000 
6.42092, -0.72494 , 0.21027, 0.96833, -0.50000, 0.50000 
6.42439, -0.72461 , 0.21076, 0.96711, -0.50000, 0.50000 
6.42810, -0.72416 , 0.21141, 0.96711, -0.50000, 0.50000 
6.43230, -0.72372 , 0.21205, 0.96711, -0.50000, 0.50000 
6.43618, -0.72327 , 0.21270, 0.96711, -0.50000, 0.50000 
6.44016, -0.72283 , 0.21335, 0.96711, -0.50000, 0.50000 
6.44361, -0.72238 , 0.21399, 0.96711, -0.50000, 0.50000 
6.44704, -0.72205 , 0.21448, 0.96589, -0.50000, 0.50000 
6.45044, -0.72171 , 0.21496, 0.96711, -0.50000, 0.50000 
6.45394, -0.72127 , 0.21561, 0.96711, -0.50000, 0.50000 
6.45742, -0.72093 , 0.21609, 0.96589, -0.50000, 0.50000 
6.46122, -0.72048 , 0.21674, 0.96589, -0.50000, 0.50000 
6.46489, -0.72004 , 0.21738, 0.96589, -0.50000, 0.50000 
6.46877, -0.71959 , 0.21803, 0.96589, -0.50000, 0.50000 
6.47281, -0.71926 , 0.21851, 0.96467, -0.50000, 0.50000 
6.47629, -0.71892 , 0.21900, 0.96345, -0.50000, 0.50000 
6.47985, -0.71847 , 0.21964, 0.96345, -0.50000, 0.50000 
6.48330, -0.71814 , 0.22013, 0.96223, -0.50000, 0.50000 
6.48682, -0.71769 , 0.22077, 0.96223, -0.50000, 0.50000 
6.49047, -0.71746 , 0.22109, 0.96223, -0.50000, 0.50000 
6.49448, -0.71701 , 0.22174, 0.96223, -0.50000, 0.50000 
6.49820, -0.71656 , 0.22238, 0.96223, -0.50000, 0.50000 
6.50298, -0.71623 , 0.22287, 0.96102, -0.50000, 0.50000 
6.50643, -0.71578 , 0.22351, 0.96102, -0.50000, 0.50000 
6.51001, -0.71544 , 0.22399, 0.95980, -0.50000, 0.50000 
6.51348, -0.71510 , 0.22448, 0.96102, -0.50000, 0.50000 
6.51696, -0.71476 , 0.22496, 0.95980, -0.50000, 0.50000 
6.52091, -0.71431 , 0.22560, 0.95980, -0.50000, 0.50000 
6.52470, -0.71397 , 0.22608, 0.95858, -0.50000, 0.50000 
6.52884, -0.71352 , 0.22673, 0.95858, -0.50000, 0.50000 
6.53255, -0.71307 , 0.22737, 0.95858, -0.50000, 0.50000 
6.53599, -0.71273 , 0.22785, 0.95736, -0.50000, 0.50000 
6.53945, -0.71251 , 0.22817, 0.95736, -0.50000, 0.50000 
6.54292, -0.71206 , 0.22881, 0.95736, -0.50000, 0.50000 
6.54635, -0.71172 , 0.22930, 0.95614, -0.50000, 0.50000 
6.55005, -0.71126 , 0.22994, 0.95614, -0.50000, 0.50000 
6.55414, -0.71092 , 0.23042, 0.95492, -0.50000, 0.50000 
6.55798, -0.71047 , 0.23106, 0.95492, -0.50000, 0.50000 
6.56214, -0.71024 , 0.23138, 0.95492, -0.50000, 0.50000 
6.56559, -0.70990 , 0.23186, 0.95370, -0.50000, 0.50000 
6.56905, -0.70945 , 0.23250, 0.95370, -0.50000, 0.50000 
6.57252, -0.70911 , 0.23298, 0.95248, -0.50000, 0.50000 
6.57602, -0.70876 , 0.23346, 0.95126, -0.50000, 0.50000 
6.57954, -0.70842 , 0.23394, 0.95248, -0.50000, 0.50000 
6.58334, -0.70808 , 0.23442, 0.95126, -0.50000, 0.50000 
6.58721, -0.70762 , 0.23506, 0.95126, -0.50000, 0.50000 
6.59102, -0.70728 , 0.23554, 0.95004, -0.50000, 0.50000 
6.59492, -0.70694 , 0.23602, 0.94882, -0.50000, 0.50000 
6.59853, -0.70648 , 0.23666, 0.94882, -0.50000, 0.50000 
6.60206, -0.70614 , 0.23713, 0.94760, -0.50000, 0.50000 
6.60555, -0.70591 , 0.23745, 0.94760, -0.50000, 0.50000 
6.60904, -0.70545 , 0.23809, 0.94760, -0.50000, 0.50000 
6.61294, -0.70511 , 0.23857, 0.94638, -0.50000, 0.50000 
6.61670, -0.70476 , 0.23905, 0.94516, -0.50000, 0.50000 
6.62068, -0.70442 , 0.23952, 0.94394, -0.50000, 0.50000 
6.62441, -0.70407 , 0.24000, 0.94272, -0.50000, 0.50000 
6.62796, -0.70372 , 0.24048, 0.94150, -0.50000, 0.50000 
6.63142, -0.70338 , 0.24095, 0.94028, -0.50000, 0.50000 
6.63490, -0.70315 , 0.24127, 0.94028, -0.50000, 0.50000 
6.63835, -0.70268 , 0.24191, 0.94028, -0.50000, 0.50000 
6.64180, -0.70234 , 0.24238, 0.93906, -0.50000, 0.50000 
6.64560, -0.70199 , 0.24286, 0.93784, -0.50000, 0.50000 
6.64948, -0.70164 , 0.24333, 0.93662, -0.50000, 0.50000 
6.65343, -0.70129 , 0.24381, 0.93784, -0.50000, 0.50000 
6.65717, -0.70094 , 0.24428, 0.93662, -0.50000, 0.50000 
6.66059, -0.70059 , 0.24475, 0.93540, -0.50000, 0.50000 
6.66406, -0.70036 , 0.24507, 0.93540, -0.50000, 0.50000 
6.66781, -0.69989 , 0.24570, 0.93540, -0.50000, 0.50000 
6.67135, -0.69954 , 0.24618, 0.93418, -0.50000, 0.50000 
6.67535, -0.69919 , 0.24665, 0.93297, -0.50000, 0.50000 
6.67914, -0.69872 , 0.24728, 0.93297, -0.50000, 0.50000 
6.68325, -0.69837 , 0.24775, 0.93175, -0.50000, 0.50000 
6.68682, -0.69814 , 0.24807, 0.93175, -0.50000, 0.50000 
6.69024, -0.69779 , 0.24854, 0.93053, -0.50000, 0.50000 
6.69368, -0.69744 , 0.24901, 0.92931, -0.50000, 0.50000 
6.69736, -0.69708 , 0.24949, 0.92809, -0.50000, 0.50000 
6.70088, -0.69661 , 0.25011, 0.92809, -0.50000, 0.50000 
6.70475, -0.69626 , 0.25059, 0.92687, -0.50000, 0.50000 
6.70878, -0.69590 , 0.25106, 0.92565, -0.50000, 0.50000 
6.71253, -0.69543 , 0.25168, 0.92565, -0.50000, 0.50000 
6.71692, -0.69508 , 0.25215, 0.92443, -0.50000, 0.50000 
6.72044, -0.69484 , 0.25247, 0.92443, -0.50000, 0.50000 
6.72389, -0.69449 , 0.25294, 0.92321, -0.50000, 0.50000 
6.72749, -0.69401 , 0.25356, 0.92321, -0.50000, 0.50000 
6.73093, -0.69378 , 0.25388, 0.92321, -0.50000, 0.50000 
6.73466, -0.69342 , 0.25435, 0.92199, -0.50000, 0.50000 
6.73881, -0.69306 , 0.25482, 0.92077, -0.50000, 0.50000 
6.74255, -0.69259 , 0.25544, 0.92077, -0.50000, 0.50000 
6.74668, -0.69223 , 0.25591, 0.91955, -0.50000, 0.50000 
6.75014, -0.69199 , 0.25622, 0.91955, -0.50000, 0.50000 
6.75361, -0.69164 , 0.25669, 0.91833, -0.50000, 0.50000 
6.75710, -0.69128 , 0.25716, 0.91711, -0.50000, 0.50000 
6.76052, -0.69104 , 0.25747, 0.91711, -0.50000, 0.50000 
6.76413, -0.69056 , 0.25809, 0.91711, -0.50000, 0.50000 
6.76842, -0.69020 , 0.25856, 0.91589, -0.50000, 0.50000 
6.77229, -0.68996 , 0.25887, 0.91589, -0.50000, 0.50000 
6.77629, -0.68961 , 0.25934, 0.91467, -0.50000, 0.50000 
6.77976, -0.68937 , 0.25965, 0.91467, -0.50000, 0.50000 
6.78322, -0.68901 , 0.26012, 0.91345, -0.50000, 0.50000 
6.78672, -0.68877 , 0.26043, 0.91345, -0.50000, 0.50000 
6.79015, -0.68841 , 0.26089, 0.91223, -0.50000, 0.50000 
6.79374, -0.68817 , 0.26121, 0.91223, -0.50000, 0.50000 
6.79787, -0.68780 , 0.26167, 0.91101, -0.50000, 0.50000 
6.80166, -0.68732 , 0.26229, 0.91101, -0.50000, 0.50000 
6.80547, -0.68708 , 0.26260, 0.91101, -0.50000, 0.50000 
6.80955, -0.68672 , 0.26307, 0.90979, -0.50000, 0.50000 
6.81306, -0.68648 , 0.26338, 0.90979, -0.50000, 0.50000 
6.81654, -0.68600 , 0.26400, 0.90979, -0.50000, 0.50000 
6.82003, -0.68576 , 0.26431, 0.90979, -0.50000, 0.50000 
6.82362, -0.68540 , 0.26477, 0.90857, -0.50000, 0.50000 
6.82780, -0.68503 , 0.26524, 0.90979, -0.50000, 0.50000 
6.83162, -0.68467 , 0.26570, 0.90857, -0.50000, 0.50000 
6.83577, -0.68431 , 0.26617, 0.90735, -0.50000, 0.50000 
6.83979, -0.68395 , 0.26663, 0.90857, -0.50000, 0.50000 
6.84326, -0.68358 , 0.26709, 0.90735, -0.50000, 0.50000 
6.84672, -0.68334 , 0.26740, 0.90735, -0.50000, 0.50000 
6.85017, -0.68298 , 0.26787, 0.90613, -0.50000, 0.50000 
6.85365, -0.68262 , 0.26833, 0.90735, -0.50000, 0.50000 
6.85782, -0.68225 , 0.26880, 0.90613, -0.50000, 0.50000 
6.86157, -0.68201 , 0.26910, 0.90613, -0.50000, 0.50000 
6.86552, -0.68153 , 0.26972, 0.90613, -0.50000, 0.50000 
6.86929, -0.68128 , 0.27003, 0.90613, -0.50000, 0.50000 
6.87279, -0.68092 , 0.27049, 0.90492, -0.50000, 0.50000 
6.87629, -0.68068 , 0.27080, 0.90492, -0.50000, 0.50000 
6.87977, -0.68044 , 0.27111, 0.90492, -0.50000, 0.50000 
6.88330, -0.68007 , 0.27158, 0.90370, -0.50000, 0.50000 
6.88717, -0.67983 , 0.27188, 0.90370, -0.50000, 0.50000 
6.89119, -0.67934 , 0.27250, 0.90370, -0.50000, 0.50000 
6.89529, -0.67910 , 0.27281, 0.90370, -0.50000, 0.50000 
6.90239, -0.67886 , 0.27312, 0.90370, -0.50000, 0.50000 
