time, position_x, position_y, position_theta, target_x, target_y 
0.00364, -0.50000 , -1.19000, 1.57080, -0.50000, 0.50000 
0.01002, -0.50000 , -1.19000, 1.57080, -0.50000, 0.50000 
0.01356, -0.50000 , -1.19000, 1.57080, -0.50000, 0.50000 
0.01705, -0.50000 , -1.19000, 1.57080, -0.50000, 0.50000 
0.02051, -0.50000 , -1.19000, 1.57080, -0.50000, 0.50000 
0.02392, -0.50000 , -1.19000, 1.57080, -0.50000, 0.50000 
0.02737, -0.50000 , -1.19000, 1.57080, -0.50000, 0.50000 
0.03115, -0.50000 , -1.18980, 1.57202, -0.50000, 0.50000 
0.03485, -0.50000 , -1.18961, 1.57324, -0.50000, 0.50000 
0.03844, -0.50000 , -1.18961, 1.57324, -0.50000, 0.50000 
0.04255, -0.50000 , -1.18941, 1.57446, -0.50000, 0.50000 
0.04640, -0.50000 , -1.18941, 1.57446, -0.50000, 0.50000 
0.05024, -0.50000 , -1.18902, 1.57446, -0.50000, 0.50000 
0.05423, -0.50000 , -1.18882, 1.57567, -0.50000, 0.50000 
0.05809, -0.50001 , -1.18843, 1.57567, -0.50000, 0.50000 
0.06877, -0.50001 , -1.18745, 1.57689, -0.50000, 0.50000 
0.07362, -0.50001 , -1.18705, 1.57689, -0.50000, 0.50000 
0.07791, -0.50002 , -1.18666, 1.57689, -0.50000, 0.50000 
0.08198, -0.50002 , -1.18647, 1.57811, -0.50000, 0.50000 
0.08583, -0.50002 , -1.18607, 1.57811, -0.50000, 0.50000 
0.08968, -0.50003 , -1.18529, 1.58055, -0.50000, 0.50000 
0.09945, -0.50003 , -1.18490, 1.58055, -0.50000, 0.50000 
0.10369, -0.50004 , -1.18431, 1.58177, -0.50000, 0.50000 
0.10797, -0.50004 , -1.18411, 1.58299, -0.50000, 0.50000 
0.11213, -0.50005 , -1.18352, 1.58421, -0.50000, 0.50000 
0.11587, -0.50005 , -1.18332, 1.58543, -0.50000, 0.50000 
0.11982, -0.50007 , -1.18215, 1.58787, -0.50000, 0.50000 
0.13028, -0.50007 , -1.18175, 1.58787, -0.50000, 0.50000 
0.13441, -0.50008 , -1.18116, 1.58909, -0.50000, 0.50000 
0.13864, -0.50010 , -1.18058, 1.59031, -0.50000, 0.50000 
0.14247, -0.50011 , -1.17999, 1.59153, -0.50000, 0.50000 
0.14616, -0.50012 , -1.17940, 1.59275, -0.50000, 0.50000 
0.14993, -0.50015 , -1.17802, 1.59641, -0.50000, 0.50000 
0.16009, -0.50017 , -1.17724, 1.59641, -0.50000, 0.50000 
0.16419, -0.50019 , -1.17645, 1.59885, -0.50000, 0.50000 
0.16830, -0.50021 , -1.17586, 1.60007, -0.50000, 0.50000 
0.17207, -0.50023 , -1.17528, 1.60129, -0.50000, 0.50000 
0.17577, -0.50025 , -1.17449, 1.60129, -0.50000, 0.50000 
0.17948, -0.50027 , -1.17390, 1.60250, -0.50000, 0.50000 
0.18902, -0.50034 , -1.17194, 1.60738, -0.50000, 0.50000 
0.19342, -0.50037 , -1.17116, 1.60738, -0.50000, 0.50000 
0.19744, -0.50040 , -1.17017, 1.60860, -0.50000, 0.50000 
0.20159, -0.50043 , -1.16939, 1.61104, -0.50000, 0.50000 
0.20530, -0.50047 , -1.16860, 1.61104, -0.50000, 0.50000 
0.20899, -0.50051 , -1.16762, 1.61226, -0.50000, 0.50000 
0.21894, -0.50061 , -1.16527, 1.61714, -0.50000, 0.50000 
0.22379, -0.50065 , -1.16429, 1.61836, -0.50000, 0.50000 
0.22784, -0.50070 , -1.16331, 1.61958, -0.50000, 0.50000 
0.23178, -0.50075 , -1.16233, 1.62080, -0.50000, 0.50000 
0.23546, -0.50079 , -1.16154, 1.62080, -0.50000, 0.50000 
0.23916, -0.50084 , -1.16056, 1.62202, -0.50000, 0.50000 
0.24875, -0.50097 , -1.15801, 1.62568, -0.50000, 0.50000 
0.25331, -0.50104 , -1.15684, 1.62568, -0.50000, 0.50000 
0.25734, -0.50109 , -1.15586, 1.62690, -0.50000, 0.50000 
0.26145, -0.50116 , -1.15468, 1.62934, -0.50000, 0.50000 
0.26516, -0.50122 , -1.15370, 1.63055, -0.50000, 0.50000 
0.26884, -0.50128 , -1.15272, 1.63177, -0.50000, 0.50000 
0.27853, -0.50145 , -1.14998, 1.63421, -0.50000, 0.50000 
0.28326, -0.50154 , -1.14861, 1.63543, -0.50000, 0.50000 
0.28736, -0.50163 , -1.14723, 1.63665, -0.50000, 0.50000 
0.29154, -0.50171 , -1.14606, 1.63909, -0.50000, 0.50000 
0.29577, -0.50180 , -1.14469, 1.64031, -0.50000, 0.50000 
0.29989, -0.50188 , -1.14351, 1.64031, -0.50000, 0.50000 
0.30977, -0.50212 , -1.14018, 1.64397, -0.50000, 0.50000 
0.31429, -0.50222 , -1.13881, 1.64519, -0.50000, 0.50000 
0.31841, -0.50232 , -1.13744, 1.64641, -0.50000, 0.50000 
0.32258, -0.50243 , -1.13607, 1.64763, -0.50000, 0.50000 
0.32826, -0.50260 , -1.13392, 1.64885, -0.50000, 0.50000 
0.33245, -0.50286 , -1.13059, 1.65251, -0.50000, 0.50000 
0.34465, -0.50307 , -1.12805, 1.65373, -0.50000, 0.50000 
0.35020, -0.50324 , -1.12609, 1.65617, -0.50000, 0.50000 
0.35528, -0.50341 , -1.12413, 1.65617, -0.50000, 0.50000 
0.36018, -0.50356 , -1.12237, 1.65739, -0.50000, 0.50000 
0.36410, -0.50369 , -1.12081, 1.65982, -0.50000, 0.50000 
0.36778, -0.50382 , -1.11944, 1.66104, -0.50000, 0.50000 
0.37914, -0.50427 , -1.11455, 1.66470, -0.50000, 0.50000 
0.38423, -0.50446 , -1.11260, 1.66714, -0.50000, 0.50000 
0.38969, -0.50466 , -1.11045, 1.66836, -0.50000, 0.50000 
0.39449, -0.50486 , -1.10849, 1.66836, -0.50000, 0.50000 
0.39912, -0.50529 , -1.10420, 1.67324, -0.50000, 0.50000 
0.41181, -0.50559 , -1.10127, 1.67446, -0.50000, 0.50000 
0.41760, -0.50586 , -1.09873, 1.67568, -0.50000, 0.50000 
0.42277, -0.50611 , -1.09638, 1.67812, -0.50000, 0.50000 
0.42771, -0.50634 , -1.09424, 1.67934, -0.50000, 0.50000 
0.43810, -0.50685 , -1.08955, 1.68178, -0.50000, 0.50000 
0.44369, -0.50712 , -1.08721, 1.68422, -0.50000, 0.50000 
0.44875, -0.50739 , -1.08487, 1.68665, -0.50000, 0.50000 
0.45337, -0.50764 , -1.08273, 1.68787, -0.50000, 0.50000 
0.45791, -0.50787 , -1.08078, 1.68787, -0.50000, 0.50000 
0.46832, -0.50845 , -1.07590, 1.69153, -0.50000, 0.50000 
0.47363, -0.50876 , -1.07337, 1.69275, -0.50000, 0.50000 
0.47843, -0.50902 , -1.07122, 1.69397, -0.50000, 0.50000 
0.48296, -0.50929 , -1.06908, 1.69519, -0.50000, 0.50000 
0.48739, -0.50954 , -1.06713, 1.69763, -0.50000, 0.50000 
0.49804, -0.51022 , -1.06187, 1.70129, -0.50000, 0.50000 
0.50314, -0.51055 , -1.05934, 1.70251, -0.50000, 0.50000 
0.50815, -0.51086 , -1.05701, 1.70495, -0.50000, 0.50000 
0.51275, -0.51118 , -1.05467, 1.70495, -0.50000, 0.50000 
0.51727, -0.51147 , -1.05253, 1.70617, -0.50000, 0.50000 
0.52757, -0.51222 , -1.04709, 1.71105, -0.50000, 0.50000 
0.53281, -0.51258 , -1.04456, 1.71227, -0.50000, 0.50000 
0.53793, -0.51292 , -1.04223, 1.71470, -0.50000, 0.50000 
0.54256, -0.51328 , -1.03970, 1.71592, -0.50000, 0.50000 
0.54706, -0.51360 , -1.03757, 1.71714, -0.50000, 0.50000 
0.55584, -0.51426 , -1.03310, 1.72080, -0.50000, 0.50000 
0.56085, -0.51468 , -1.03038, 1.72324, -0.50000, 0.50000 
0.56645, -0.51513 , -1.02747, 1.72446, -0.50000, 0.50000 
0.57032, -0.51543 , -1.02553, 1.72690, -0.50000, 0.50000 
0.59102, -0.51724 , -1.01429, 1.73422, -0.50000, 0.50000 
0.59490, -0.51756 , -1.01235, 1.73666, -0.50000, 0.50000 
0.59911, -0.51795 , -1.01003, 1.73666, -0.50000, 0.50000 
0.60274, -0.51828 , -1.00809, 1.73910, -0.50000, 0.50000 
0.60633, -0.51861 , -1.00615, 1.73910, -0.50000, 0.50000 
0.61055, -0.51901 , -1.00383, 1.74154, -0.50000, 0.50000 
0.61417, -0.51934 , -1.00190, 1.74397, -0.50000, 0.50000 
0.61782, -0.51972 , -0.99977, 1.74519, -0.50000, 0.50000 
0.62158, -0.52009 , -0.99764, 1.74641, -0.50000, 0.50000 
0.62519, -0.52040 , -0.99590, 1.74763, -0.50000, 0.50000 
0.62916, -0.52085 , -0.99339, 1.74885, -0.50000, 0.50000 
0.63321, -0.52124 , -0.99127, 1.75007, -0.50000, 0.50000 
0.63726, -0.52166 , -0.98895, 1.75251, -0.50000, 0.50000 
0.64119, -0.52205 , -0.98682, 1.75373, -0.50000, 0.50000 
0.64481, -0.52244 , -0.98470, 1.75495, -0.50000, 0.50000 
0.64842, -0.52284 , -0.98258, 1.75617, -0.50000, 0.50000 
0.65264, -0.52335 , -0.97988, 1.75617, -0.50000, 0.50000 
0.66135, -0.52422 , -0.97524, 1.75861, -0.50000, 0.50000 
0.66516, -0.52466 , -0.97293, 1.76105, -0.50000, 0.50000 
0.66897, -0.52507 , -0.97081, 1.76227, -0.50000, 0.50000 
0.67283, -0.52620 , -0.96503, 1.76471, -0.50000, 0.50000 
0.68360, -0.52677 , -0.96214, 1.76593, -0.50000, 0.50000 
0.68801, -0.52727 , -0.95963, 1.76715, -0.50000, 0.50000 
0.69229, -0.52777 , -0.95713, 1.76837, -0.50000, 0.50000 
0.69640, -0.52823 , -0.95482, 1.76837, -0.50000, 0.50000 
0.70056, -0.52873 , -0.95232, 1.76958, -0.50000, 0.50000 
0.71036, -0.52990 , -0.94655, 1.77202, -0.50000, 0.50000 
0.71521, -0.53045 , -0.94385, 1.77202, -0.50000, 0.50000 
0.71982, -0.53100 , -0.94116, 1.77202, -0.50000, 0.50000 
0.72390, -0.53143 , -0.93904, 1.77324, -0.50000, 0.50000 
0.72778, -0.53191 , -0.93673, 1.77324, -0.50000, 0.50000 
0.73180, -0.53242 , -0.93423, 1.77446, -0.50000, 0.50000 
0.74168, -0.53366 , -0.92827, 1.77568, -0.50000, 0.50000 
0.74665, -0.53422 , -0.92558, 1.77568, -0.50000, 0.50000 
0.75111, -0.53474 , -0.92308, 1.77690, -0.50000, 0.50000 
0.75512, -0.53522 , -0.92078, 1.77690, -0.50000, 0.50000 
0.75913, -0.53570 , -0.91847, 1.77690, -0.50000, 0.50000 
0.76309, -0.53618 , -0.91617, 1.77690, -0.50000, 0.50000 
0.76797, -0.53679 , -0.91328, 1.77568, -0.50000, 0.50000 
0.77163, -0.53719 , -0.91136, 1.77568, -0.50000, 0.50000 
0.77544, -0.53766 , -0.90905, 1.77568, -0.50000, 0.50000 
0.77951, -0.53818 , -0.90655, 1.77446, -0.50000, 0.50000 
0.78345, -0.53866 , -0.90425, 1.77446, -0.50000, 0.50000 
0.78723, -0.53910 , -0.90213, 1.77568, -0.50000, 0.50000 
0.79089, -0.53954 , -0.90002, 1.77446, -0.50000, 0.50000 
0.79438, -0.53993 , -0.89809, 1.77446, -0.50000, 0.50000 
0.79789, -0.54041 , -0.89579, 1.77446, -0.50000, 0.50000 
0.80152, -0.54084 , -0.89367, 1.77324, -0.50000, 0.50000 
0.80544, -0.54132 , -0.89136, 1.77324, -0.50000, 0.50000 
0.80950, -0.54183 , -0.88886, 1.77202, -0.50000, 0.50000 
0.81370, -0.54230 , -0.88655, 1.77202, -0.50000, 0.50000 
0.81737, -0.54277 , -0.88424, 1.77202, -0.50000, 0.50000 
0.82124, -0.54328 , -0.88174, 1.77080, -0.50000, 0.50000 
0.82489, -0.54367 , -0.87982, 1.77080, -0.50000, 0.50000 
0.82853, -0.54414 , -0.87751, 1.77080, -0.50000, 0.50000 
0.83240, -0.54460 , -0.87520, 1.76837, -0.50000, 0.50000 
0.83689, -0.54518 , -0.87231, 1.76958, -0.50000, 0.50000 
0.84102, -0.54569 , -0.86981, 1.76837, -0.50000, 0.50000 
0.84504, -0.54619 , -0.86731, 1.76715, -0.50000, 0.50000 
0.84886, -0.54665 , -0.86499, 1.76715, -0.50000, 0.50000 
0.85259, -0.54710 , -0.86268, 1.76471, -0.50000, 0.50000 
0.85624, -0.54752 , -0.86056, 1.76349, -0.50000, 0.50000 
0.86023, -0.54800 , -0.85806, 1.76227, -0.50000, 0.50000 
0.86404, -0.54849 , -0.85555, 1.76105, -0.50000, 0.50000 
0.86816, -0.54925 , -0.85170, 1.76837, -0.50000, 0.50000 
0.87661, -0.54996 , -0.84804, 1.75739, -0.50000, 0.50000 
0.88023, -0.55039 , -0.84572, 1.75495, -0.50000, 0.50000 
0.88377, -0.55079 , -0.84360, 1.75373, -0.50000, 0.50000 
0.88821, -0.55132 , -0.84070, 1.75251, -0.50000, 0.50000 
0.89229, -0.55174 , -0.83838, 1.75007, -0.50000, 0.50000 
0.89646, -0.55220 , -0.83587, 1.74885, -0.50000, 0.50000 
0.90076, -0.55272 , -0.83297, 1.74763, -0.50000, 0.50000 
0.90491, -0.55316 , -0.83046, 1.74641, -0.50000, 0.50000 
0.90944, -0.55361 , -0.82795, 1.74519, -0.50000, 0.50000 
0.91328, -0.55401 , -0.82562, 1.74275, -0.50000, 0.50000 
0.91931, -0.55468 , -0.82175, 1.74032, -0.50000, 0.50000 
0.92315, -0.55505 , -0.81963, 1.73910, -0.50000, 0.50000 
0.92698, -0.55544 , -0.81730, 1.73666, -0.50000, 0.50000 
0.93075, -0.55582 , -0.81498, 1.73422, -0.50000, 0.50000 
0.93445, -0.55617 , -0.81285, 1.73300, -0.50000, 0.50000 
0.93810, -0.55655 , -0.81052, 1.73056, -0.50000, 0.50000 
0.94267, -0.55702 , -0.80761, 1.72934, -0.50000, 0.50000 
0.94671, -0.55739 , -0.80529, 1.72690, -0.50000, 0.50000 
0.95110, -0.55781 , -0.80257, 1.72446, -0.50000, 0.50000 
0.95483, -0.55817 , -0.80024, 1.72202, -0.50000, 0.50000 
0.95969, -0.55890 , -0.79539, 1.71836, -0.50000, 0.50000 
0.96810, -0.55938 , -0.79208, 1.71470, -0.50000, 0.50000 
0.97218, -0.55975 , -0.78956, 1.71349, -0.50000, 0.50000 
0.98004, -0.56041 , -0.78489, 1.70861, -0.50000, 0.50000 
0.98377, -0.56073 , -0.78256, 1.70617, -0.50000, 0.50000 
0.99884, -0.56195 , -0.77321, 1.69641, -0.50000, 0.50000 
1.00250, -0.56222 , -0.77107, 1.69519, -0.50000, 0.50000 
1.00617, -0.56251 , -0.76873, 1.69275, -0.50000, 0.50000 
1.00986, -0.56280 , -0.76639, 1.69031, -0.50000, 0.50000 
1.01343, -0.56303 , -0.76444, 1.68787, -0.50000, 0.50000 
1.01729, -0.56335 , -0.76171, 1.68544, -0.50000, 0.50000 
1.02142, -0.56361 , -0.75937, 1.68300, -0.50000, 0.50000 
1.03758, -0.56468 , -0.74941, 1.67202, -0.50000, 0.50000 
1.04123, -0.56492 , -0.74707, 1.66958, -0.50000, 0.50000 
1.04482, -0.56546 , -0.74199, 1.68665, -0.50000, 0.50000 
1.06005, -0.56611 , -0.73555, 1.65617, -0.50000, 0.50000 
1.06359, -0.56630 , -0.73339, 1.65495, -0.50000, 0.50000 
1.06704, -0.56649 , -0.73105, 1.65251, -0.50000, 0.50000 
1.07302, -0.56679 , -0.72733, 1.64885, -0.50000, 0.50000 
1.08246, -0.56724 , -0.72126, 1.64275, -0.50000, 0.50000 
1.08702, -0.56742 , -0.71871, 1.63909, -0.50000, 0.50000 
1.09119, -0.56761 , -0.71597, 1.63665, -0.50000, 0.50000 
1.09539, -0.56780 , -0.71303, 1.63299, -0.50000, 0.50000 
1.10720, -0.56823 , -0.70558, 1.62568, -0.50000, 0.50000 
1.11284, -0.56843 , -0.70186, 1.62202, -0.50000, 0.50000 
1.12769, -0.56887 , -0.69244, 1.61226, -0.50000, 0.50000 
1.14138, -0.56919 , -0.68400, 1.60616, -0.50000, 0.50000 
1.14493, -0.56927 , -0.68165, 1.60372, -0.50000, 0.50000 
1.14992, -0.56937 , -0.67851, 1.60129, -0.50000, 0.50000 
1.15427, -0.56945 , -0.67576, 1.59885, -0.50000, 0.50000 
1.15807, -0.56952 , -0.67341, 1.59641, -0.50000, 0.50000 
1.16194, -0.56958 , -0.67086, 1.59519, -0.50000, 0.50000 
1.16602, -0.56964 , -0.66811, 1.59275, -0.50000, 0.50000 
1.17086, -0.56971 , -0.66516, 1.59153, -0.50000, 0.50000 
1.17505, -0.56976 , -0.66241, 1.58909, -0.50000, 0.50000 
1.17882, -0.56980 , -0.66006, 1.58665, -0.50000, 0.50000 
1.18244, -0.56983 , -0.65790, 1.58543, -0.50000, 0.50000 
1.18622, -0.56987 , -0.65535, 1.58421, -0.50000, 0.50000 
1.19071, -0.56990 , -0.65260, 1.58177, -0.50000, 0.50000 
1.19466, -0.56993 , -0.65005, 1.58055, -0.50000, 0.50000 
1.19881, -0.56995 , -0.64730, 1.57811, -0.50000, 0.50000 
1.20266, -0.56997 , -0.64474, 1.57689, -0.50000, 0.50000 
1.20634, -0.56998 , -0.64258, 1.57567, -0.50000, 0.50000 
1.21066, -0.56999 , -0.63964, 1.57446, -0.50000, 0.50000 
1.21452, -0.57000 , -0.62805, 1.56836, -0.50000, 0.50000 
1.23282, -0.56999 , -0.62550, 1.56714, -0.50000, 0.50000 
1.23667, -0.56998 , -0.62315, 1.56470, -0.50000, 0.50000 
1.24129, -0.56996 , -0.62020, 1.56348, -0.50000, 0.50000 
1.24505, -0.56994 , -0.61784, 1.56348, -0.50000, 0.50000 
1.24880, -0.56992 , -0.61549, 1.56104, -0.50000, 0.50000 
1.25281, -0.56990 , -0.61294, 1.55982, -0.50000, 0.50000 
1.25681, -0.56987 , -0.61038, 1.55860, -0.50000, 0.50000 
1.26041, -0.56984 , -0.60822, 1.55738, -0.50000, 0.50000 
1.26408, -0.56981 , -0.60587, 1.55738, -0.50000, 0.50000 
1.26837, -0.56977 , -0.60332, 1.55616, -0.50000, 0.50000 
1.27208, -0.56974 , -0.60096, 1.55372, -0.50000, 0.50000 
1.27566, -0.56970 , -0.59880, 1.55250, -0.50000, 0.50000 
1.27948, -0.56965 , -0.59625, 1.55128, -0.50000, 0.50000 
1.28311, -0.56961 , -0.59409, 1.55006, -0.50000, 0.50000 
1.29033, -0.56951 , -0.58957, 1.54884, -0.50000, 0.50000 
1.29415, -0.56946 , -0.58722, 1.54884, -0.50000, 0.50000 
1.29825, -0.56940 , -0.58467, 1.54762, -0.50000, 0.50000 
1.30239, -0.56934 , -0.58231, 1.54519, -0.50000, 0.50000 
1.30601, -0.56928 , -0.57996, 1.54519, -0.50000, 0.50000 
1.30984, -0.56923 , -0.57780, 1.54397, -0.50000, 0.50000 
1.31357, -0.56916 , -0.57544, 1.54397, -0.50000, 0.50000 
1.31762, -0.56909 , -0.57289, 1.54275, -0.50000, 0.50000 
1.32125, -0.56903 , -0.57073, 1.54153, -0.50000, 0.50000 
1.32503, -0.56896 , -0.56837, 1.54153, -0.50000, 0.50000 
1.32922, -0.56888 , -0.56563, 1.53909, -0.50000, 0.50000 
1.33298, -0.56880 , -0.56327, 1.53909, -0.50000, 0.50000 
1.33700, -0.56872 , -0.56072, 1.53787, -0.50000, 0.50000 
1.34074, -0.56865 , -0.55856, 1.53665, -0.50000, 0.50000 
1.34422, -0.56857 , -0.55640, 1.53543, -0.50000, 0.50000 
1.34767, -0.56849 , -0.55405, 1.53543, -0.50000, 0.50000 
1.35127, -0.56841 , -0.55189, 1.53421, -0.50000, 0.50000 
1.35491, -0.56833 , -0.54973, 1.53299, -0.50000, 0.50000 
1.35868, -0.56823 , -0.54699, 1.53299, -0.50000, 0.50000 
1.36291, -0.56814 , -0.54463, 1.53055, -0.50000, 0.50000 
1.36655, -0.56804 , -0.54228, 1.53055, -0.50000, 0.50000 
1.37059, -0.56794 , -0.53973, 1.52933, -0.50000, 0.50000 
1.37410, -0.56785 , -0.53757, 1.52811, -0.50000, 0.50000 
1.37752, -0.56776 , -0.53561, 1.52811, -0.50000, 0.50000 
1.38104, -0.56766 , -0.53325, 1.52811, -0.50000, 0.50000 
1.38463, -0.56757 , -0.53109, 1.52689, -0.50000, 0.50000 
1.38831, -0.56746 , -0.52874, 1.52689, -0.50000, 0.50000 
1.39211, -0.56737 , -0.52658, 1.52567, -0.50000, 0.50000 
1.39567, -0.56727 , -0.52443, 1.52689, -0.50000, 0.50000 
1.39936, -0.56718 , -0.52227, 1.52567, -0.50000, 0.50000 
1.42410, -0.56652 , -0.50815, 1.52323, -0.50000, 0.50000 
1.42844, -0.56640 , -0.50560, 1.52201, -0.50000, 0.50000 
1.43733, -0.56617 , -0.50089, 1.52201, -0.50000, 0.50000 
1.44140, -0.56605 , -0.49854, 1.52201, -0.50000, 0.50000 
1.44593, -0.56592 , -0.49579, 1.52201, -0.50000, 0.50000 
1.45047, -0.56579 , -0.49324, 1.52079, -0.50000, 0.50000 
1.45700, -0.56563 , -0.48991, 1.52201, -0.50000, 0.50000 
1.46121, -0.56551 , -0.48755, 1.52201, -0.50000, 0.50000 
1.46520, -0.56541 , -0.48540, 1.52079, -0.50000, 0.50000 
1.47899, -0.56503 , -0.47775, 1.52201, -0.50000, 0.50000 
1.48365, -0.56491 , -0.47539, 1.52201, -0.50000, 0.50000 
1.48815, -0.56478 , -0.47265, 1.52201, -0.50000, 0.50000 
1.49379, -0.56465 , -0.46990, 1.52201, -0.50000, 0.50000 
1.50378, -0.56438 , -0.46441, 1.52201, -0.50000, 0.50000 
1.50971, -0.56421 , -0.46108, 1.52079, -0.50000, 0.50000 
1.51502, -0.56408 , -0.45833, 1.52079, -0.50000, 0.50000 
1.52002, -0.56396 , -0.45598, 1.52079, -0.50000, 0.50000 
1.52457, -0.56383 , -0.45343, 1.52201, -0.50000, 0.50000 
1.52900, -0.56362 , -0.44912, 1.52201, -0.50000, 0.50000 
1.54416, -0.56333 , -0.44323, 1.52201, -0.50000, 0.50000 
1.54949, -0.56320 , -0.44049, 1.52201, -0.50000, 0.50000 
1.55367, -0.56310 , -0.43853, 1.52201, -0.50000, 0.50000 
1.55821, -0.56299 , -0.43617, 1.52201, -0.50000, 0.50000 
1.56821, -0.56275 , -0.43127, 1.52079, -0.50000, 0.50000 
1.57271, -0.56264 , -0.42911, 1.52201, -0.50000, 0.50000 
1.57918, -0.56249 , -0.42597, 1.52201, -0.50000, 0.50000 
1.58349, -0.56238 , -0.42382, 1.52079, -0.50000, 0.50000 
1.58789, -0.56228 , -0.42186, 1.52079, -0.50000, 0.50000 
1.60209, -0.56193 , -0.41480, 1.52079, -0.50000, 0.50000 
1.60731, -0.56179 , -0.41205, 1.52079, -0.50000, 0.50000 
1.61301, -0.56167 , -0.40970, 1.52079, -0.50000, 0.50000 
1.61750, -0.56156 , -0.40734, 1.52079, -0.50000, 0.50000 
1.62775, -0.56130 , -0.40225, 1.52079, -0.50000, 0.50000 
1.63297, -0.56116 , -0.39950, 1.52079, -0.50000, 0.50000 
1.63837, -0.56105 , -0.39715, 1.52079, -0.50000, 0.50000 
1.64290, -0.56093 , -0.39479, 1.52079, -0.50000, 0.50000 
1.64747, -0.56081 , -0.39244, 1.52079, -0.50000, 0.50000 
1.65260, -0.56068 , -0.38989, 1.52201, -0.50000, 0.50000 
1.65622, -0.56060 , -0.38813, 1.52079, -0.50000, 0.50000 
1.66041, -0.56048 , -0.38577, 1.52079, -0.50000, 0.50000 
1.66415, -0.56039 , -0.38401, 1.51957, -0.50000, 0.50000 
1.66826, -0.56029 , -0.38205, 1.51957, -0.50000, 0.50000 
1.67186, -0.56020 , -0.38028, 1.51836, -0.50000, 0.50000 
1.67533, -0.56012 , -0.37871, 1.51836, -0.50000, 0.50000 
1.67877, -0.56001 , -0.37675, 1.51836, -0.50000, 0.50000 
1.68220, -0.55993 , -0.37518, 1.51836, -0.50000, 0.50000 
1.68570, -0.55985 , -0.37362, 1.51836, -0.50000, 0.50000 
1.68915, -0.55975 , -0.37185, 1.51714, -0.50000, 0.50000 
1.69273, -0.55966 , -0.37009, 1.51836, -0.50000, 0.50000 
1.69682, -0.55956 , -0.36813, 1.51836, -0.50000, 0.50000 
1.70055, -0.55944 , -0.36597, 1.51714, -0.50000, 0.50000 
1.70547, -0.55934 , -0.36401, 1.51714, -0.50000, 0.50000 
1.70908, -0.55925 , -0.36244, 1.51714, -0.50000, 0.50000 
1.71255, -0.55917 , -0.36087, 1.51714, -0.50000, 0.50000 
1.71632, -0.55907 , -0.35911, 1.51592, -0.50000, 0.50000 
1.72011, -0.55898 , -0.35734, 1.51714, -0.50000, 0.50000 
1.72406, -0.55888 , -0.35558, 1.51592, -0.50000, 0.50000 
1.72786, -0.55877 , -0.35362, 1.51592, -0.50000, 0.50000 
1.73191, -0.55869 , -0.35205, 1.51592, -0.50000, 0.50000 
1.73534, -0.55860 , -0.35048, 1.51592, -0.50000, 0.50000 
1.73894, -0.55850 , -0.34872, 1.51470, -0.50000, 0.50000 
1.74272, -0.55842 , -0.34715, 1.51470, -0.50000, 0.50000 
1.74642, -0.55833 , -0.34558, 1.51470, -0.50000, 0.50000 
1.75059, -0.55821 , -0.34342, 1.51348, -0.50000, 0.50000 
1.75480, -0.55811 , -0.34166, 1.51470, -0.50000, 0.50000 
1.75956, -0.55798 , -0.33950, 1.51348, -0.50000, 0.50000 
1.76344, -0.55787 , -0.33754, 1.51348, -0.50000, 0.50000 
1.76732, -0.55778 , -0.33597, 1.51348, -0.50000, 0.50000 
1.77078, -0.55769 , -0.33441, 1.51348, -0.50000, 0.50000 
1.77427, -0.55760 , -0.33284, 1.51348, -0.50000, 0.50000 
1.77784, -0.55750 , -0.33107, 1.51226, -0.50000, 0.50000 
1.78174, -0.55740 , -0.32931, 1.51348, -0.50000, 0.50000 
1.78554, -0.55729 , -0.32754, 1.51226, -0.50000, 0.50000 
1.78935, -0.55720 , -0.32598, 1.51226, -0.50000, 0.50000 
1.79338, -0.55709 , -0.32402, 1.51226, -0.50000, 0.50000 
1.79740, -0.55697 , -0.32206, 1.51226, -0.50000, 0.50000 
1.80125, -0.55687 , -0.32029, 1.51104, -0.50000, 0.50000 
1.80490, -0.55677 , -0.31872, 1.51104, -0.50000, 0.50000 
1.80864, -0.55668 , -0.31716, 1.51104, -0.50000, 0.50000 
1.81311, -0.55654 , -0.31480, 1.51104, -0.50000, 0.50000 
1.81718, -0.55644 , -0.31324, 1.51104, -0.50000, 0.50000 
1.82207, -0.55631 , -0.31108, 1.50982, -0.50000, 0.50000 
1.82574, -0.55622 , -0.30951, 1.50982, -0.50000, 0.50000 
1.82944, -0.55611 , -0.30775, 1.50860, -0.50000, 0.50000 
1.83316, -0.55601 , -0.30618, 1.50860, -0.50000, 0.50000 
1.83665, -0.55591 , -0.30461, 1.50860, -0.50000, 0.50000 
1.84028, -0.55582 , -0.30305, 1.50860, -0.50000, 0.50000 
1.84446, -0.55570 , -0.30109, 1.50860, -0.50000, 0.50000 
1.84817, -0.55560 , -0.29952, 1.50860, -0.50000, 0.50000 
1.85234, -0.55549 , -0.29775, 1.50738, -0.50000, 0.50000 
1.85667, -0.55536 , -0.29579, 1.50738, -0.50000, 0.50000 
1.86028, -0.55526 , -0.29423, 1.50738, -0.50000, 0.50000 
1.86482, -0.55515 , -0.29246, 1.50616, -0.50000, 0.50000 
1.86838, -0.55505 , -0.29090, 1.50616, -0.50000, 0.50000 
1.87216, -0.55495 , -0.28933, 1.50616, -0.50000, 0.50000 
1.87644, -0.55482 , -0.28737, 1.50616, -0.50000, 0.50000 
1.88052, -0.55472 , -0.28580, 1.50616, -0.50000, 0.50000 
1.88477, -0.55459 , -0.28384, 1.50616, -0.50000, 0.50000 
1.88844, -0.55449 , -0.28227, 1.50616, -0.50000, 0.50000 
1.89182, -0.55440 , -0.28090, 1.50494, -0.50000, 0.50000 
1.89524, -0.55431 , -0.27953, 1.50616, -0.50000, 0.50000 
1.89864, -0.55421 , -0.27796, 1.50616, -0.50000, 0.50000 
1.90228, -0.55411 , -0.27640, 1.50616, -0.50000, 0.50000 
1.90619, -0.55399 , -0.27463, 1.50494, -0.50000, 0.50000 
1.91002, -0.55389 , -0.27307, 1.50494, -0.50000, 0.50000 
1.91383, -0.55379 , -0.27150, 1.50494, -0.50000, 0.50000 
1.91748, -0.55368 , -0.26993, 1.50494, -0.50000, 0.50000 
1.92096, -0.55358 , -0.26836, 1.50494, -0.50000, 0.50000 
1.92441, -0.55348 , -0.26680, 1.50494, -0.50000, 0.50000 
1.92790, -0.55337 , -0.26523, 1.50494, -0.50000, 0.50000 
1.93152, -0.55327 , -0.26366, 1.50494, -0.50000, 0.50000 
1.93593, -0.55314 , -0.26170, 1.50494, -0.50000, 0.50000 
1.94000, -0.55301 , -0.25974, 1.50494, -0.50000, 0.50000 
1.94466, -0.55289 , -0.25798, 1.50372, -0.50000, 0.50000 
1.94836, -0.55279 , -0.25641, 1.50372, -0.50000, 0.50000 
1.95220, -0.55268 , -0.25484, 1.50372, -0.50000, 0.50000 
1.95585, -0.55258 , -0.25328, 1.50372, -0.50000, 0.50000 
1.95972, -0.55246 , -0.25151, 1.50250, -0.50000, 0.50000 
1.96389, -0.55234 , -0.24975, 1.50372, -0.50000, 0.50000 
1.96820, -0.55222 , -0.24799, 1.50250, -0.50000, 0.50000 
1.97184, -0.55211 , -0.24642, 1.50250, -0.50000, 0.50000 
1.97604, -0.55200 , -0.24485, 1.50250, -0.50000, 0.50000 
1.97964, -0.55190 , -0.24329, 1.50250, -0.50000, 0.50000 
1.98311, -0.55179 , -0.24172, 1.50250, -0.50000, 0.50000 
1.98657, -0.55171 , -0.24054, 1.50250, -0.50000, 0.50000 
1.99002, -0.55162 , -0.23917, 1.50128, -0.50000, 0.50000 
1.99349, -0.55152 , -0.23780, 1.50250, -0.50000, 0.50000 
1.99711, -0.55140 , -0.23604, 1.50128, -0.50000, 0.50000 
2.00153, -0.55129 , -0.23447, 1.50128, -0.50000, 0.50000 
2.00580, -0.55118 , -0.23291, 1.50128, -0.50000, 0.50000 
2.00977, -0.55107 , -0.23134, 1.50128, -0.50000, 0.50000 
2.01347, -0.55096 , -0.22977, 1.50128, -0.50000, 0.50000 
2.01713, -0.55085 , -0.22820, 1.50128, -0.50000, 0.50000 
2.02077, -0.55074 , -0.22664, 1.50128, -0.50000, 0.50000 
2.02492, -0.55064 , -0.22507, 1.50128, -0.50000, 0.50000 
2.02901, -0.55051 , -0.22331, 1.50250, -0.50000, 0.50000 
2.03329, -0.55039 , -0.22154, 1.50128, -0.50000, 0.50000 
2.03741, -0.55028 , -0.21998, 1.50128, -0.50000, 0.50000 
2.04118, -0.55017 , -0.21841, 1.50128, -0.50000, 0.50000 
2.04491, -0.55006 , -0.21684, 1.50128, -0.50000, 0.50000 
2.04855, -0.54997 , -0.21547, 1.50006, -0.50000, 0.50000 
2.05241, -0.54984 , -0.21371, 1.50128, -0.50000, 0.50000 
2.05691, -0.54974 , -0.21214, 1.50128, -0.50000, 0.50000 
2.06070, -0.54961 , -0.21038, 1.50006, -0.50000, 0.50000 
2.06481, -0.54949 , -0.20862, 1.50128, -0.50000, 0.50000 
2.06908, -0.54938 , -0.20705, 1.50128, -0.50000, 0.50000 
2.07275, -0.54928 , -0.20568, 1.50006, -0.50000, 0.50000 
2.07624, -0.54917 , -0.20411, 1.50006, -0.50000, 0.50000 
2.07977, -0.54907 , -0.20274, 1.49884, -0.50000, 0.50000 
2.08328, -0.54899 , -0.20157, 1.49884, -0.50000, 0.50000 
2.08679, -0.54888 , -0.20000, 1.49884, -0.50000, 0.50000 
2.09096, -0.54876 , -0.19843, 1.49884, -0.50000, 0.50000 
2.09469, -0.54866 , -0.19706, 1.49762, -0.50000, 0.50000 
2.09900, -0.54853 , -0.19530, 1.49884, -0.50000, 0.50000 
2.10300, -0.54842 , -0.19373, 1.49884, -0.50000, 0.50000 
2.10645, -0.54834 , -0.19256, 1.49884, -0.50000, 0.50000 
2.10997, -0.54825 , -0.19138, 1.49884, -0.50000, 0.50000 
2.11350, -0.54814 , -0.18982, 1.49884, -0.50000, 0.50000 
2.11754, -0.54803 , -0.18825, 1.49884, -0.50000, 0.50000 
2.12167, -0.54793 , -0.18688, 1.49762, -0.50000, 0.50000 
2.12585, -0.54781 , -0.18531, 1.49762, -0.50000, 0.50000 
2.12938, -0.54771 , -0.18394, 1.49884, -0.50000, 0.50000 
2.13281, -0.54763 , -0.18277, 1.49884, -0.50000, 0.50000 
2.13628, -0.54753 , -0.18139, 1.49762, -0.50000, 0.50000 
2.13977, -0.54744 , -0.18022, 1.49762, -0.50000, 0.50000 
2.14331, -0.54734 , -0.17885, 1.49884, -0.50000, 0.50000 
2.14725, -0.54724 , -0.17748, 1.49762, -0.50000, 0.50000 
2.15125, -0.54713 , -0.17591, 1.49762, -0.50000, 0.50000 
2.15479, -0.54703 , -0.17454, 1.49884, -0.50000, 0.50000 
2.15899, -0.54693 , -0.17317, 1.49762, -0.50000, 0.50000 
2.16276, -0.54683 , -0.17180, 1.49884, -0.50000, 0.50000 
2.16628, -0.54674 , -0.17062, 1.49884, -0.50000, 0.50000 
2.16979, -0.54666 , -0.16945, 1.49884, -0.50000, 0.50000 
2.17327, -0.54656 , -0.16808, 1.49762, -0.50000, 0.50000 
2.17678, -0.54646 , -0.16671, 1.49884, -0.50000, 0.50000 
2.18124, -0.54635 , -0.16514, 1.49884, -0.50000, 0.50000 
2.18516, -0.54623 , -0.16357, 1.49884, -0.50000, 0.50000 
2.18969, -0.54612 , -0.16201, 1.49884, -0.50000, 0.50000 
2.19324, -0.54604 , -0.16083, 1.49884, -0.50000, 0.50000 
2.19666, -0.54595 , -0.15966, 1.49884, -0.50000, 0.50000 
2.20010, -0.54585 , -0.15829, 1.49762, -0.50000, 0.50000 
2.20367, -0.54577 , -0.15711, 1.49762, -0.50000, 0.50000 
2.20770, -0.54565 , -0.15554, 1.49762, -0.50000, 0.50000 
2.21156, -0.54555 , -0.15417, 1.49884, -0.50000, 0.50000 
2.21556, -0.54547 , -0.15300, 1.49884, -0.50000, 0.50000 
2.21937, -0.54535 , -0.15143, 1.49884, -0.50000, 0.50000 
2.22307, -0.54527 , -0.15026, 1.49884, -0.50000, 0.50000 
2.22652, -0.54518 , -0.14908, 1.49884, -0.50000, 0.50000 
2.23002, -0.54510 , -0.14791, 1.49884, -0.50000, 0.50000 
2.23357, -0.54502 , -0.14673, 1.49884, -0.50000, 0.50000 
2.23745, -0.54492 , -0.14536, 1.50006, -0.50000, 0.50000 
2.24152, -0.54482 , -0.14399, 1.49884, -0.50000, 0.50000 
2.24539, -0.54472 , -0.14262, 1.50006, -0.50000, 0.50000 
2.24991, -0.54464 , -0.14144, 1.50006, -0.50000, 0.50000 
2.25339, -0.54456 , -0.14027, 1.50006, -0.50000, 0.50000 
2.25687, -0.54447 , -0.13909, 1.50006, -0.50000, 0.50000 
2.26039, -0.54439 , -0.13792, 1.50006, -0.50000, 0.50000 
2.26393, -0.54431 , -0.13674, 1.50006, -0.50000, 0.50000 
2.26740, -0.54422 , -0.13557, 1.50006, -0.50000, 0.50000 
2.27130, -0.54413 , -0.13420, 1.50128, -0.50000, 0.50000 
2.27569, -0.54402 , -0.13263, 1.50128, -0.50000, 0.50000 
2.27990, -0.54392 , -0.13126, 1.50250, -0.50000, 0.50000 
2.28381, -0.54384 , -0.13008, 1.50250, -0.50000, 0.50000 
2.28739, -0.54376 , -0.12891, 1.50250, -0.50000, 0.50000 
2.29113, -0.54368 , -0.12773, 1.50250, -0.50000, 0.50000 
2.29493, -0.54359 , -0.12636, 1.50372, -0.50000, 0.50000 
2.29900, -0.54349 , -0.12499, 1.50250, -0.50000, 0.50000 
2.30321, -0.54340 , -0.12362, 1.50372, -0.50000, 0.50000 
2.30752, -0.54330 , -0.12205, 1.50372, -0.50000, 0.50000 
2.31128, -0.54322 , -0.12088, 1.50372, -0.50000, 0.50000 
2.31466, -0.54314 , -0.11970, 1.50372, -0.50000, 0.50000 
2.31798, -0.54307 , -0.11872, 1.50494, -0.50000, 0.50000 
2.32188, -0.54300 , -0.11755, 1.50494, -0.50000, 0.50000 
2.32540, -0.54292 , -0.11637, 1.50494, -0.50000, 0.50000 
2.32939, -0.54283 , -0.11500, 1.50616, -0.50000, 0.50000 
2.33334, -0.54275 , -0.11382, 1.50616, -0.50000, 0.50000 
2.33743, -0.54266 , -0.11245, 1.50738, -0.50000, 0.50000 
2.34159, -0.54258 , -0.11108, 1.50616, -0.50000, 0.50000 
2.34501, -0.54251 , -0.11010, 1.50738, -0.50000, 0.50000 
2.34844, -0.54244 , -0.10892, 1.50738, -0.50000, 0.50000 
2.35200, -0.54236 , -0.10775, 1.50738, -0.50000, 0.50000 
2.35567, -0.54229 , -0.10657, 1.50982, -0.50000, 0.50000 
2.35928, -0.54222 , -0.10540, 1.50982, -0.50000, 0.50000 
2.36324, -0.54215 , -0.10422, 1.50982, -0.50000, 0.50000 
2.36699, -0.54208 , -0.10304, 1.50982, -0.50000, 0.50000 
2.37094, -0.54200 , -0.10187, 1.50982, -0.50000, 0.50000 
2.37504, -0.54192 , -0.10050, 1.51104, -0.50000, 0.50000 
2.37865, -0.54186 , -0.09952, 1.50982, -0.50000, 0.50000 
2.38230, -0.54179 , -0.09834, 1.50982, -0.50000, 0.50000 
2.38602, -0.54171 , -0.09697, 1.51104, -0.50000, 0.50000 
2.39029, -0.54164 , -0.09579, 1.51104, -0.50000, 0.50000 
2.39408, -0.54156 , -0.09442, 1.51226, -0.50000, 0.50000 
2.39816, -0.54148 , -0.09305, 1.51348, -0.50000, 0.50000 
2.40187, -0.54141 , -0.09187, 1.51348, -0.50000, 0.50000 
2.40532, -0.54135 , -0.09089, 1.51470, -0.50000, 0.50000 
2.40878, -0.54129 , -0.08972, 1.51470, -0.50000, 0.50000 
2.41225, -0.54122 , -0.08854, 1.51470, -0.50000, 0.50000 
2.41585, -0.54115 , -0.08736, 1.51470, -0.50000, 0.50000 
2.41957, -0.54109 , -0.08619, 1.51470, -0.50000, 0.50000 
2.42400, -0.54100 , -0.08462, 1.51470, -0.50000, 0.50000 
2.42784, -0.54095 , -0.08364, 1.51592, -0.50000, 0.50000 
2.43172, -0.54087 , -0.08227, 1.51470, -0.50000, 0.50000 
2.43546, -0.54080 , -0.08109, 1.51470, -0.50000, 0.50000 
2.43889, -0.54075 , -0.08011, 1.51592, -0.50000, 0.50000 
2.44241, -0.54070 , -0.07913, 1.51470, -0.50000, 0.50000 
2.44589, -0.54063 , -0.07795, 1.51470, -0.50000, 0.50000 
2.44934, -0.54056 , -0.07678, 1.51470, -0.50000, 0.50000 
2.45310, -0.54050 , -0.07560, 1.51470, -0.50000, 0.50000 
2.45748, -0.54042 , -0.07423, 1.51592, -0.50000, 0.50000 
2.46176, -0.54036 , -0.07305, 1.51592, -0.50000, 0.50000 
2.46558, -0.54029 , -0.07188, 1.51592, -0.50000, 0.50000 
2.46927, -0.54023 , -0.07070, 1.51592, -0.50000, 0.50000 
2.47296, -0.54016 , -0.06952, 1.51592, -0.50000, 0.50000 
2.47661, -0.54011 , -0.06854, 1.51470, -0.50000, 0.50000 
2.48078, -0.54003 , -0.06717, 1.51348, -0.50000, 0.50000 
2.48483, -0.53996 , -0.06599, 1.51348, -0.50000, 0.50000 
2.48903, -0.53987 , -0.06443, 1.51348, -0.50000, 0.50000 
2.49306, -0.53980 , -0.06325, 1.51348, -0.50000, 0.50000 
2.49666, -0.53976 , -0.06247, 1.51348, -0.50000, 0.50000 
2.50029, -0.53969 , -0.06129, 1.51348, -0.50000, 0.50000 
2.50400, -0.53962 , -0.06011, 1.51348, -0.50000, 0.50000 
2.50769, -0.53956 , -0.05894, 1.51348, -0.50000, 0.50000 
2.51185, -0.53948 , -0.05757, 1.51226, -0.50000, 0.50000 
2.51565, -0.53941 , -0.05639, 1.51226, -0.50000, 0.50000 
2.51942, -0.53934 , -0.05521, 1.51226, -0.50000, 0.50000 
2.52351, -0.53926 , -0.05384, 1.51104, -0.50000, 0.50000 
2.52702, -0.53921 , -0.05306, 1.51104, -0.50000, 0.50000 
2.53041, -0.53914 , -0.05188, 1.51104, -0.50000, 0.50000 
2.53382, -0.53908 , -0.05090, 1.50982, -0.50000, 0.50000 
2.53719, -0.53902 , -0.04992, 1.51104, -0.50000, 0.50000 
2.54074, -0.53896 , -0.04894, 1.50982, -0.50000, 0.50000 
2.54432, -0.53889 , -0.04777, 1.50982, -0.50000, 0.50000 
2.54832, -0.53881 , -0.04639, 1.50860, -0.50000, 0.50000 
2.55204, -0.53873 , -0.04522, 1.50860, -0.50000, 0.50000 
2.55618, -0.53866 , -0.04404, 1.50860, -0.50000, 0.50000 
2.55975, -0.53861 , -0.04326, 1.50860, -0.50000, 0.50000 
2.56324, -0.53854 , -0.04208, 1.50860, -0.50000, 0.50000 
2.56679, -0.53848 , -0.04110, 1.50738, -0.50000, 0.50000 
2.57042, -0.53840 , -0.03993, 1.50738, -0.50000, 0.50000 
2.57444, -0.53833 , -0.03875, 1.50738, -0.50000, 0.50000 
2.57809, -0.53825 , -0.03758, 1.50738, -0.50000, 0.50000 
2.58252, -0.53817 , -0.03620, 1.50616, -0.50000, 0.50000 
2.58636, -0.53810 , -0.03522, 1.50494, -0.50000, 0.50000 
2.58996, -0.53802 , -0.03405, 1.50494, -0.50000, 0.50000 
2.59340, -0.53796 , -0.03307, 1.50372, -0.50000, 0.50000 
2.59689, -0.53788 , -0.03189, 1.50372, -0.50000, 0.50000 
2.60055, -0.53781 , -0.03091, 1.50250, -0.50000, 0.50000 
2.60478, -0.53773 , -0.02974, 1.50250, -0.50000, 0.50000 
2.60865, -0.53765 , -0.02856, 1.50250, -0.50000, 0.50000 
2.61265, -0.53757 , -0.02739, 1.50250, -0.50000, 0.50000 
2.61637, -0.53749 , -0.02621, 1.50250, -0.50000, 0.50000 
2.61982, -0.53742 , -0.02523, 1.50128, -0.50000, 0.50000 
2.62328, -0.53736 , -0.02425, 1.50250, -0.50000, 0.50000 
2.62675, -0.53729 , -0.02327, 1.50128, -0.50000, 0.50000 
2.63024, -0.53721 , -0.02210, 1.50128, -0.50000, 0.50000 
2.63380, -0.53714 , -0.02112, 1.50006, -0.50000, 0.50000 
2.63802, -0.53706 , -0.01994, 1.50006, -0.50000, 0.50000 
2.64209, -0.53697 , -0.01877, 1.50006, -0.50000, 0.50000 
2.64653, -0.53689 , -0.01759, 1.50006, -0.50000, 0.50000 
2.65002, -0.53681 , -0.01642, 1.50006, -0.50000, 0.50000 
2.65346, -0.53674 , -0.01544, 1.49884, -0.50000, 0.50000 
2.65691, -0.53667 , -0.01446, 1.50006, -0.50000, 0.50000 
2.66057, -0.53660 , -0.01348, 1.49884, -0.50000, 0.50000 
2.66448, -0.53651 , -0.01231, 1.49884, -0.50000, 0.50000 
2.66855, -0.53643 , -0.01113, 1.49884, -0.50000, 0.50000 
2.67297, -0.53634 , -0.00996, 1.49884, -0.50000, 0.50000 
2.67653, -0.53628 , -0.00917, 1.49884, -0.50000, 0.50000 
2.68026, -0.53620 , -0.00800, 1.49884, -0.50000, 0.50000 
2.68373, -0.53614 , -0.00721, 1.49884, -0.50000, 0.50000 
2.68724, -0.53607 , -0.00624, 1.49762, -0.50000, 0.50000 
2.69078, -0.53600 , -0.00526, 1.49884, -0.50000, 0.50000 
2.69486, -0.53592 , -0.00408, 1.49884, -0.50000, 0.50000 
2.69888, -0.53585 , -0.00310, 1.49762, -0.50000, 0.50000 
2.70276, -0.53576 , -0.00193, 1.49762, -0.50000, 0.50000 
2.70690, -0.53567 , -0.00075, 1.49762, -0.50000, 0.50000 
2.71035, -0.53562 , 0.00003, 1.49762, -0.50000, 0.50000 
2.71375, -0.53553 , 0.00121, 1.49762, -0.50000, 0.50000 
2.71712, -0.53547 , 0.00199, 1.49762, -0.50000, 0.50000 
2.72088, -0.53540 , 0.00297, 1.49884, -0.50000, 0.50000 
2.72438, -0.53532 , 0.00414, 1.49884, -0.50000, 0.50000 
2.72928, -0.53523 , 0.00532, 1.49884, -0.50000, 0.50000 
2.73373, -0.53512 , 0.00689, 1.49884, -0.50000, 0.50000 
2.73909, -0.53503 , 0.00806, 1.49884, -0.50000, 0.50000 
2.76400, -0.53458 , 0.01433, 1.49884, -0.50000, 0.50000 
2.76764, -0.53450 , 0.01550, 1.49884, -0.50000, 0.50000 
2.77112, -0.53444 , 0.01629, 1.49884, -0.50000, 0.50000 
2.77467, -0.53437 , 0.01726, 1.50006, -0.50000, 0.50000 
2.77819, -0.53430 , 0.01824, 1.49884, -0.50000, 0.50000 
2.78191, -0.53423 , 0.01922, 1.50006, -0.50000, 0.50000 
2.78607, -0.53415 , 0.02040, 1.50006, -0.50000, 0.50000 
2.78990, -0.53409 , 0.02118, 1.50006, -0.50000, 0.50000 
2.79618, -0.53398 , 0.02275, 1.50006, -0.50000, 0.50000 
2.79959, -0.53391 , 0.02373, 1.50128, -0.50000, 0.50000 
2.80302, -0.53386 , 0.02451, 1.50128, -0.50000, 0.50000 
2.80645, -0.53380 , 0.02530, 1.50128, -0.50000, 0.50000 
2.80990, -0.53374 , 0.02627, 1.50250, -0.50000, 0.50000 
2.81334, -0.53368 , 0.02706, 1.50250, -0.50000, 0.50000 
2.81684, -0.53340 , 0.03117, 1.50128, -0.50000, 0.50000 
2.83259, -0.53334 , 0.03196, 1.50128, -0.50000, 0.50000 
2.83616, -0.53328 , 0.03293, 1.50250, -0.50000, 0.50000 
2.83967, -0.53322 , 0.03372, 1.50250, -0.50000, 0.50000 
2.85991, -0.53286 , 0.03901, 1.50372, -0.50000, 0.50000 
2.86379, -0.53281 , 0.03979, 1.50372, -0.50000, 0.50000 
2.86757, -0.53274 , 0.04077, 1.50250, -0.50000, 0.50000 
2.88673, -0.53242 , 0.04547, 1.50250, -0.50000, 0.50000 
2.89023, -0.53237 , 0.04626, 1.50250, -0.50000, 0.50000 
2.89385, -0.53230 , 0.04724, 1.50372, -0.50000, 0.50000 
2.89744, -0.53224 , 0.04821, 1.50250, -0.50000, 0.50000 
2.90122, -0.53218 , 0.04900, 1.50250, -0.50000, 0.50000 
2.90490, -0.53212 , 0.04998, 1.50372, -0.50000, 0.50000 
2.91927, -0.53189 , 0.05331, 1.50250, -0.50000, 0.50000 
2.92354, -0.53180 , 0.05468, 1.50372, -0.50000, 0.50000 
2.92840, -0.53173 , 0.05566, 1.50250, -0.50000, 0.50000 
2.93196, -0.53168 , 0.05644, 1.50250, -0.50000, 0.50000 
2.94255, -0.53151 , 0.05899, 1.50372, -0.50000, 0.50000 
2.94628, -0.53144 , 0.05997, 1.50250, -0.50000, 0.50000 
2.95308, -0.53133 , 0.06154, 1.50250, -0.50000, 0.50000 
2.95674, -0.53126 , 0.06252, 1.50128, -0.50000, 0.50000 
2.96059, -0.53120 , 0.06349, 1.50250, -0.50000, 0.50000 
2.96418, -0.53114 , 0.06428, 1.50250, -0.50000, 0.50000 
2.96782, -0.53089 , 0.06800, 1.50128, -0.50000, 0.50000 
2.98393, -0.53080 , 0.06918, 1.50128, -0.50000, 0.50000 
2.98742, -0.53075 , 0.06996, 1.50128, -0.50000, 0.50000 
2.99159, -0.53070 , 0.07074, 1.50128, -0.50000, 0.50000 
2.99933, -0.53056 , 0.07270, 1.50128, -0.50000, 0.50000 
3.00315, -0.53050 , 0.07348, 1.50128, -0.50000, 0.50000 
3.00696, -0.53044 , 0.07446, 1.50006, -0.50000, 0.50000 
3.01068, -0.53037 , 0.07544, 1.50128, -0.50000, 0.50000 
3.01440, -0.53031 , 0.07623, 1.50128, -0.50000, 0.50000 
3.01823, -0.53026 , 0.07701, 1.50128, -0.50000, 0.50000 
3.02198, -0.53020 , 0.07779, 1.50128, -0.50000, 0.50000 
3.02566, -0.53013 , 0.07877, 1.50006, -0.50000, 0.50000 
3.04280, -0.52986 , 0.08269, 1.50250, -0.50000, 0.50000 
3.04625, -0.52981 , 0.08347, 1.50250, -0.50000, 0.50000 
3.04968, -0.52975 , 0.08426, 1.50250, -0.50000, 0.50000 
3.05318, -0.52970 , 0.08504, 1.50006, -0.50000, 0.50000 
3.05665, -0.52964 , 0.08582, 1.50006, -0.50000, 0.50000 
3.06023, -0.52958 , 0.08680, 1.50128, -0.50000, 0.50000 
3.06407, -0.52952 , 0.08759, 1.50128, -0.50000, 0.50000 
3.06767, -0.52947 , 0.08837, 1.50128, -0.50000, 0.50000 
3.07175, -0.52938 , 0.08955, 1.50128, -0.50000, 0.50000 
3.07559, -0.52933 , 0.09033, 1.50128, -0.50000, 0.50000 
3.07928, -0.52928 , 0.09111, 1.50128, -0.50000, 0.50000 
3.08287, -0.52921 , 0.09209, 1.50250, -0.50000, 0.50000 
3.08660, -0.52915 , 0.09288, 1.50250, -0.50000, 0.50000 
3.09183, -0.52907 , 0.09405, 1.50250, -0.50000, 0.50000 
3.09626, -0.52901 , 0.09503, 1.50128, -0.50000, 0.50000 
3.10074, -0.52894 , 0.09601, 1.50250, -0.50000, 0.50000 
3.10453, -0.52887 , 0.09699, 1.50128, -0.50000, 0.50000 
3.10821, -0.52882 , 0.09777, 1.50128, -0.50000, 0.50000 
3.11212, -0.52876 , 0.09856, 1.50128, -0.50000, 0.50000 
3.11585, -0.52871 , 0.09934, 1.50128, -0.50000, 0.50000 
3.12232, -0.52861 , 0.10071, 1.50006, -0.50000, 0.50000 
3.12613, -0.52856 , 0.10149, 1.50006, -0.50000, 0.50000 
3.12997, -0.52850 , 0.10228, 1.50006, -0.50000, 0.50000 
3.13365, -0.52843 , 0.10326, 1.50128, -0.50000, 0.50000 
3.13728, -0.52839 , 0.10384, 1.50006, -0.50000, 0.50000 
3.14082, -0.52833 , 0.10463, 1.50006, -0.50000, 0.50000 
3.14422, -0.52828 , 0.10541, 1.50006, -0.50000, 0.50000 
3.14757, -0.52822 , 0.10620, 1.50006, -0.50000, 0.50000 
3.15115, -0.52817 , 0.10698, 1.50006, -0.50000, 0.50000 
3.15514, -0.52811 , 0.10776, 1.50006, -0.50000, 0.50000 
3.15890, -0.52806 , 0.10855, 1.50006, -0.50000, 0.50000 
3.16286, -0.52799 , 0.10952, 1.49884, -0.50000, 0.50000 
3.16704, -0.52793 , 0.11031, 1.49884, -0.50000, 0.50000 
3.17076, -0.52787 , 0.11109, 1.49884, -0.50000, 0.50000 
3.17436, -0.52782 , 0.11187, 1.49884, -0.50000, 0.50000 
3.17801, -0.52775 , 0.11285, 1.50006, -0.50000, 0.50000 
3.18206, -0.52769 , 0.11364, 1.50006, -0.50000, 0.50000 
3.18596, -0.52764 , 0.11442, 1.50006, -0.50000, 0.50000 
3.19098, -0.52755 , 0.11560, 1.50006, -0.50000, 0.50000 
3.19578, -0.52748 , 0.11658, 1.49884, -0.50000, 0.50000 
3.19966, -0.52743 , 0.11736, 1.49884, -0.50000, 0.50000 
3.20333, -0.52737 , 0.11814, 1.49884, -0.50000, 0.50000 
3.20700, -0.52731 , 0.11893, 1.49884, -0.50000, 0.50000 
3.21445, -0.52721 , 0.12030, 1.49762, -0.50000, 0.50000 
3.21862, -0.52713 , 0.12147, 1.49762, -0.50000, 0.50000 
3.22315, -0.52707 , 0.12225, 1.49762, -0.50000, 0.50000 
3.22700, -0.52701 , 0.12304, 1.49762, -0.50000, 0.50000 
3.23109, -0.52696 , 0.12382, 1.49762, -0.50000, 0.50000 
3.23481, -0.52688 , 0.12480, 1.49884, -0.50000, 0.50000 
3.23875, -0.52683 , 0.12558, 1.49884, -0.50000, 0.50000 
3.24290, -0.52677 , 0.12637, 1.49884, -0.50000, 0.50000 
3.24749, -0.52669 , 0.12754, 1.49884, -0.50000, 0.50000 
3.25182, -0.52663 , 0.12833, 1.49884, -0.50000, 0.50000 
3.25660, -0.52656 , 0.12930, 1.49762, -0.50000, 0.50000 
3.26064, -0.52649 , 0.13028, 1.49884, -0.50000, 0.50000 
3.26478, -0.52642 , 0.13126, 1.49762, -0.50000, 0.50000 
3.26868, -0.52636 , 0.13205, 1.49762, -0.50000, 0.50000 
3.27324, -0.52629 , 0.13303, 1.49884, -0.50000, 0.50000 
3.27742, -0.52622 , 0.13400, 1.49762, -0.50000, 0.50000 
3.28206, -0.52616 , 0.13479, 1.49762, -0.50000, 0.50000 
3.28932, -0.52605 , 0.13635, 1.49762, -0.50000, 0.50000 
3.29307, -0.52599 , 0.13714, 1.49762, -0.50000, 0.50000 
3.29751, -0.52592 , 0.13812, 1.49640, -0.50000, 0.50000 
3.30158, -0.52586 , 0.13890, 1.49640, -0.50000, 0.50000 
3.30556, -0.52580 , 0.13968, 1.49640, -0.50000, 0.50000 
3.30994, -0.52574 , 0.14047, 1.49640, -0.50000, 0.50000 
3.31447, -0.52568 , 0.14125, 1.49640, -0.50000, 0.50000 
3.31858, -0.52562 , 0.14203, 1.49640, -0.50000, 0.50000 
3.32247, -0.52557 , 0.14282, 1.49640, -0.50000, 0.50000 
3.32629, -0.52551 , 0.14360, 1.49640, -0.50000, 0.50000 
3.33007, -0.52546 , 0.14419, 1.49518, -0.50000, 0.50000 
3.33462, -0.52539 , 0.14517, 1.49640, -0.50000, 0.50000 
3.33897, -0.52533 , 0.14595, 1.49640, -0.50000, 0.50000 
3.34397, -0.52527 , 0.14673, 1.49640, -0.50000, 0.50000 
3.34793, -0.52521 , 0.14752, 1.49640, -0.50000, 0.50000 
3.35177, -0.52516 , 0.14830, 1.49640, -0.50000, 0.50000 
3.35561, -0.52511 , 0.14889, 1.49518, -0.50000, 0.50000 
3.35955, -0.52505 , 0.14967, 1.49518, -0.50000, 0.50000 
3.36358, -0.52499 , 0.15045, 1.49518, -0.50000, 0.50000 
3.36809, -0.52493 , 0.15124, 1.49518, -0.50000, 0.50000 
3.37209, -0.52487 , 0.15202, 1.49518, -0.50000, 0.50000 
3.37869, -0.52476 , 0.15359, 1.49518, -0.50000, 0.50000 
3.38256, -0.52470 , 0.15437, 1.49518, -0.50000, 0.50000 
3.38644, -0.52464 , 0.15515, 1.49518, -0.50000, 0.50000 
3.39036, -0.52458 , 0.15593, 1.49518, -0.50000, 0.50000 
3.39423, -0.52453 , 0.15652, 1.49396, -0.50000, 0.50000 
3.39878, -0.52446 , 0.15750, 1.49518, -0.50000, 0.50000 
3.40304, -0.52438 , 0.15848, 1.49396, -0.50000, 0.50000 
3.40785, -0.52432 , 0.15926, 1.49396, -0.50000, 0.50000 
3.41178, -0.52426 , 0.16005, 1.49396, -0.50000, 0.50000 
3.41576, -0.52420 , 0.16083, 1.49396, -0.50000, 0.50000 
3.41961, -0.52414 , 0.16161, 1.49396, -0.50000, 0.50000 
3.42369, -0.52408 , 0.16240, 1.49396, -0.50000, 0.50000 
3.42823, -0.52402 , 0.16318, 1.49396, -0.50000, 0.50000 
3.43278, -0.52398 , 0.16377, 1.49274, -0.50000, 0.50000 
3.43703, -0.52393 , 0.16435, 1.49396, -0.50000, 0.50000 
3.44089, -0.52387 , 0.16514, 1.49396, -0.50000, 0.50000 
3.44474, -0.52381 , 0.16592, 1.49396, -0.50000, 0.50000 
3.44861, -0.52378 , 0.16631, 1.49396, -0.50000, 0.50000 
3.45263, -0.52372 , 0.16709, 1.49396, -0.50000, 0.50000 
3.45972, -0.52363 , 0.16827, 1.49396, -0.50000, 0.50000 
3.46442, -0.52355 , 0.16925, 1.49274, -0.50000, 0.50000 
3.46848, -0.52351 , 0.16983, 1.49396, -0.50000, 0.50000 
3.47244, -0.52345 , 0.17062, 1.49396, -0.50000, 0.50000 
3.47628, -0.52339 , 0.17140, 1.49396, -0.50000, 0.50000 
3.48021, -0.52333 , 0.17218, 1.49396, -0.50000, 0.50000 
3.48402, -0.52327 , 0.17297, 1.49396, -0.50000, 0.50000 
3.48838, -0.52321 , 0.17375, 1.49396, -0.50000, 0.50000 
3.49262, -0.52315 , 0.17453, 1.49396, -0.50000, 0.50000 
3.49740, -0.52309 , 0.17532, 1.49396, -0.50000, 0.50000 
3.50153, -0.52303 , 0.17610, 1.49396, -0.50000, 0.50000 
3.50537, -0.52298 , 0.17669, 1.49518, -0.50000, 0.50000 
3.50932, -0.52292 , 0.17747, 1.49518, -0.50000, 0.50000 
3.51357, -0.52286 , 0.17825, 1.49518, -0.50000, 0.50000 
3.51837, -0.52280 , 0.17904, 1.49518, -0.50000, 0.50000 
3.52255, -0.52274 , 0.17982, 1.49518, -0.50000, 0.50000 
3.52703, -0.52270 , 0.18041, 1.49640, -0.50000, 0.50000 
3.53088, -0.52264 , 0.18119, 1.49640, -0.50000, 0.50000 
3.53732, -0.52258 , 0.18197, 1.49640, -0.50000, 0.50000 
3.54109, -0.52252 , 0.18276, 1.49640, -0.50000, 0.50000 
3.54502, -0.52248 , 0.18334, 1.49518, -0.50000, 0.50000 
3.54902, -0.52242 , 0.18413, 1.49518, -0.50000, 0.50000 
3.55375, -0.52238 , 0.18471, 1.49640, -0.50000, 0.50000 
3.55856, -0.52232 , 0.18550, 1.49640, -0.50000, 0.50000 
3.56258, -0.52226 , 0.18628, 1.49640, -0.50000, 0.50000 
3.58665, -0.52194 , 0.19059, 1.49884, -0.50000, 0.50000 
3.59076, -0.52189 , 0.19137, 1.49884, -0.50000, 0.50000 
3.59553, -0.52183 , 0.19216, 1.49884, -0.50000, 0.50000 
3.59990, -0.52177 , 0.19294, 1.49884, -0.50000, 0.50000 
3.60436, -0.52172 , 0.19372, 1.49884, -0.50000, 0.50000 
3.60887, -0.52166 , 0.19451, 1.49884, -0.50000, 0.50000 
3.61326, -0.52162 , 0.19509, 1.50006, -0.50000, 0.50000 
3.61788, -0.52156 , 0.19588, 1.50006, -0.50000, 0.50000 
3.62445, -0.52149 , 0.19686, 1.50128, -0.50000, 0.50000 
3.62833, -0.52145 , 0.19744, 1.50006, -0.50000, 0.50000 
3.63215, -0.52141 , 0.19803, 1.50128, -0.50000, 0.50000 
3.63595, -0.52136 , 0.19881, 1.50128, -0.50000, 0.50000 
3.64001, -0.52133 , 0.19921, 1.50128, -0.50000, 0.50000 
3.64447, -0.52128 , 0.19999, 1.50128, -0.50000, 0.50000 
3.64892, -0.52124 , 0.20058, 1.50250, -0.50000, 0.50000 
3.65336, -0.52118 , 0.20136, 1.50250, -0.50000, 0.50000 
3.65726, -0.52116 , 0.20175, 1.50250, -0.50000, 0.50000 
3.66123, -0.52110 , 0.20254, 1.50250, -0.50000, 0.50000 
3.66514, -0.52105 , 0.20332, 1.50250, -0.50000, 0.50000 
3.66927, -0.52101 , 0.20391, 1.50128, -0.50000, 0.50000 
3.67393, -0.52095 , 0.20469, 1.50128, -0.50000, 0.50000 
3.67862, -0.52090 , 0.20547, 1.50128, -0.50000, 0.50000 
3.68264, -0.52086 , 0.20606, 1.50250, -0.50000, 0.50000 
3.68661, -0.52082 , 0.20665, 1.50128, -0.50000, 0.50000 
3.69047, -0.52076 , 0.20743, 1.50128, -0.50000, 0.50000 
3.69431, -0.52074 , 0.20782, 1.50128, -0.50000, 0.50000 
3.69820, -0.52068 , 0.20861, 1.50128, -0.50000, 0.50000 
3.70572, -0.52060 , 0.20978, 1.50128, -0.50000, 0.50000 
3.71015, -0.52054 , 0.21057, 1.50128, -0.50000, 0.50000 
3.71410, -0.52050 , 0.21115, 1.50250, -0.50000, 0.50000 
3.71798, -0.52046 , 0.21174, 1.50128, -0.50000, 0.50000 
3.72183, -0.52042 , 0.21233, 1.50250, -0.50000, 0.50000 
3.72584, -0.52038 , 0.21292, 1.50128, -0.50000, 0.50000 
3.72971, -0.52034 , 0.21351, 1.50250, -0.50000, 0.50000 
3.73445, -0.52030 , 0.21409, 1.50128, -0.50000, 0.50000 
3.73863, -0.52025 , 0.21488, 1.50128, -0.50000, 0.50000 
3.74337, -0.52019 , 0.21566, 1.50128, -0.50000, 0.50000 
3.74726, -0.52015 , 0.21625, 1.50006, -0.50000, 0.50000 
3.75125, -0.52011 , 0.21684, 1.50128, -0.50000, 0.50000 
3.75506, -0.52008 , 0.21723, 1.50128, -0.50000, 0.50000 
3.75920, -0.52003 , 0.21801, 1.50128, -0.50000, 0.50000 
3.76355, -0.51999 , 0.21860, 1.50006, -0.50000, 0.50000 
3.76811, -0.51994 , 0.21919, 1.50128, -0.50000, 0.50000 
3.77226, -0.51990 , 0.21977, 1.50006, -0.50000, 0.50000 
3.77610, -0.51986 , 0.22036, 1.50128, -0.50000, 0.50000 
3.77997, -0.51982 , 0.22095, 1.50006, -0.50000, 0.50000 
3.78630, -0.51975 , 0.22193, 1.50128, -0.50000, 0.50000 
3.79046, -0.51971 , 0.22252, 1.50006, -0.50000, 0.50000 
3.79487, -0.51966 , 0.22330, 1.50006, -0.50000, 0.50000 
3.79929, -0.51961 , 0.22389, 1.50128, -0.50000, 0.50000 
3.80342, -0.51957 , 0.22447, 1.50006, -0.50000, 0.50000 
3.80746, -0.51952 , 0.22526, 1.50006, -0.50000, 0.50000 
3.81161, -0.51949 , 0.22565, 1.50006, -0.50000, 0.50000 
3.81550, -0.51943 , 0.22643, 1.50006, -0.50000, 0.50000 
3.81963, -0.51938 , 0.22722, 1.50006, -0.50000, 0.50000 
3.82358, -0.51935 , 0.22761, 1.50006, -0.50000, 0.50000 
3.82835, -0.51930 , 0.22839, 1.50006, -0.50000, 0.50000 
3.83311, -0.51924 , 0.22917, 1.50006, -0.50000, 0.50000 
3.83746, -0.51921 , 0.22957, 1.50006, -0.50000, 0.50000 
3.84120, -0.51917 , 0.23015, 1.49884, -0.50000, 0.50000 
3.84505, -0.51913 , 0.23074, 1.50006, -0.50000, 0.50000 
3.84881, -0.51910 , 0.23113, 1.50006, -0.50000, 0.50000 
3.85270, -0.51906 , 0.23172, 1.49884, -0.50000, 0.50000 
3.85710, -0.51902 , 0.23231, 1.50006, -0.50000, 0.50000 
3.86122, -0.51895 , 0.23329, 1.49884, -0.50000, 0.50000 
3.86812, -0.51890 , 0.23388, 1.50006, -0.50000, 0.50000 
3.87199, -0.51886 , 0.23446, 1.49884, -0.50000, 0.50000 
3.87605, -0.51882 , 0.23505, 1.50006, -0.50000, 0.50000 
3.87994, -0.51878 , 0.23564, 1.49884, -0.50000, 0.50000 
3.88410, -0.51872 , 0.23642, 1.49884, -0.50000, 0.50000 
3.88826, -0.51868 , 0.23701, 1.50006, -0.50000, 0.50000 
3.89258, -0.51864 , 0.23760, 1.49884, -0.50000, 0.50000 
3.89800, -0.51858 , 0.23838, 1.49884, -0.50000, 0.50000 
3.90213, -0.51853 , 0.23916, 1.49884, -0.50000, 0.50000 
3.90587, -0.51850 , 0.23955, 1.49884, -0.50000, 0.50000 
3.90992, -0.51844 , 0.24034, 1.49884, -0.50000, 0.50000 
3.91400, -0.51841 , 0.24073, 1.49884, -0.50000, 0.50000 
3.92108, -0.51831 , 0.24210, 1.50006, -0.50000, 0.50000 
3.92810, -0.51827 , 0.24269, 1.49884, -0.50000, 0.50000 
3.93229, -0.51822 , 0.24347, 1.49884, -0.50000, 0.50000 
3.93615, -0.51819 , 0.24386, 1.49884, -0.50000, 0.50000 
3.93990, -0.51815 , 0.24445, 1.50006, -0.50000, 0.50000 
3.94591, -0.51808 , 0.24543, 1.49884, -0.50000, 0.50000 
3.95050, -0.51803 , 0.24602, 1.50006, -0.50000, 0.50000 
3.95479, -0.51798 , 0.24680, 1.50006, -0.50000, 0.50000 
3.95963, -0.51794 , 0.24739, 1.49884, -0.50000, 0.50000 
3.96327, -0.51791 , 0.24778, 1.49884, -0.50000, 0.50000 
3.96704, -0.51785 , 0.24856, 1.49884, -0.50000, 0.50000 
3.97097, -0.51782 , 0.24896, 1.49884, -0.50000, 0.50000 
3.97513, -0.51777 , 0.24974, 1.49884, -0.50000, 0.50000 
3.97965, -0.51774 , 0.25013, 1.49884, -0.50000, 0.50000 
3.98361, -0.51770 , 0.25072, 1.50006, -0.50000, 0.50000 
3.98801, -0.51765 , 0.25131, 1.49884, -0.50000, 0.50000 
3.99213, -0.51761 , 0.25189, 1.50006, -0.50000, 0.50000 
3.99599, -0.51757 , 0.25248, 1.49884, -0.50000, 0.50000 
3.99986, -0.51754 , 0.25287, 1.49884, -0.50000, 0.50000 
4.00357, -0.51750 , 0.25346, 1.50006, -0.50000, 0.50000 
4.00753, -0.51746 , 0.25405, 1.49884, -0.50000, 0.50000 
4.01184, -0.51743 , 0.25444, 1.49884, -0.50000, 0.50000 
4.01597, -0.51739 , 0.25503, 1.50006, -0.50000, 0.50000 
4.02022, -0.51735 , 0.25561, 1.49884, -0.50000, 0.50000 
4.02450, -0.51730 , 0.25620, 1.50006, -0.50000, 0.50000 
4.02837, -0.51728 , 0.25659, 1.50006, -0.50000, 0.50000 
4.03505, -0.51722 , 0.25738, 1.50006, -0.50000, 0.50000 
4.04039, -0.51717 , 0.25816, 1.50006, -0.50000, 0.50000 
4.04461, -0.51712 , 0.25875, 1.50128, -0.50000, 0.50000 
4.04965, -0.51708 , 0.25934, 1.50006, -0.50000, 0.50000 
4.05348, -0.51704 , 0.25992, 1.50128, -0.50000, 0.50000 
4.05728, -0.51701 , 0.26031, 1.50128, -0.50000, 0.50000 
4.06111, -0.51697 , 0.26090, 1.50006, -0.50000, 0.50000 
4.06496, -0.51693 , 0.26149, 1.50128, -0.50000, 0.50000 
4.06866, -0.51690 , 0.26188, 1.50128, -0.50000, 0.50000 
4.07253, -0.51686 , 0.26247, 1.50250, -0.50000, 0.50000 
4.07649, -0.51682 , 0.26306, 1.50128, -0.50000, 0.50000 
4.08087, -0.51678 , 0.26364, 1.50250, -0.50000, 0.50000 
4.08535, -0.51674 , 0.26423, 1.50128, -0.50000, 0.50000 
4.08975, -0.51670 , 0.26482, 1.50250, -0.50000, 0.50000 
4.09422, -0.51667 , 0.26521, 1.50250, -0.50000, 0.50000 
4.09816, -0.51662 , 0.26600, 1.50250, -0.50000, 0.50000 
4.11120, -0.51651 , 0.26756, 1.50250, -0.50000, 0.50000 
4.11622, -0.51649 , 0.26795, 1.50250, -0.50000, 0.50000 
4.12002, -0.51646 , 0.26835, 1.50250, -0.50000, 0.50000 
4.13279, -0.51635 , 0.26991, 1.50250, -0.50000, 0.50000 
4.13737, -0.51631 , 0.27050, 1.50372, -0.50000, 0.50000 
4.14200, -0.51627 , 0.27109, 1.50250, -0.50000, 0.50000 
4.14655, -0.51623 , 0.27168, 1.50372, -0.50000, 0.50000 
4.15765, -0.51613 , 0.27324, 1.50372, -0.50000, 0.50000 
4.16386, -0.51608 , 0.27403, 1.50372, -0.50000, 0.50000 
4.16889, -0.51601 , 0.27501, 1.50250, -0.50000, 0.50000 
4.18016, -0.51594 , 0.27599, 1.50372, -0.50000, 0.50000 
4.18414, -0.51590 , 0.27657, 1.50250, -0.50000, 0.50000 
4.18863, -0.51586 , 0.27716, 1.50372, -0.50000, 0.50000 
4.19615, -0.51580 , 0.27814, 1.50250, -0.50000, 0.50000 
4.20317, -0.51574 , 0.27892, 1.50250, -0.50000, 0.50000 
4.20775, -0.51572 , 0.27932, 1.50250, -0.50000, 0.50000 
4.21189, -0.51569 , 0.27971, 1.50250, -0.50000, 0.50000 
4.21549, -0.51566 , 0.28010, 1.50250, -0.50000, 0.50000 
4.21924, -0.51562 , 0.28069, 1.50128, -0.50000, 0.50000 
4.22310, -0.51560 , 0.28108, 1.50128, -0.50000, 0.50000 
4.22745, -0.51555 , 0.28167, 1.50250, -0.50000, 0.50000 
4.23199, -0.51551 , 0.28225, 1.50128, -0.50000, 0.50000 
4.23642, -0.51549 , 0.28265, 1.50128, -0.50000, 0.50000 
4.24092, -0.51545 , 0.28323, 1.50006, -0.50000, 0.50000 
4.24464, -0.51542 , 0.28363, 1.50006, -0.50000, 0.50000 
4.24874, -0.51538 , 0.28421, 1.50128, -0.50000, 0.50000 
4.25345, -0.51534 , 0.28480, 1.50006, -0.50000, 0.50000 
4.26041, -0.51528 , 0.28558, 1.50006, -0.50000, 0.50000 
4.26681, -0.51520 , 0.28676, 1.50006, -0.50000, 0.50000 
4.27253, -0.51517 , 0.28715, 1.50006, -0.50000, 0.50000 
4.27976, -0.51511 , 0.28793, 1.50006, -0.50000, 0.50000 
4.28353, -0.51509 , 0.28833, 1.50006, -0.50000, 0.50000 
4.28955, -0.51503 , 0.28911, 1.50006, -0.50000, 0.50000 
4.29403, -0.51499 , 0.28970, 1.49884, -0.50000, 0.50000 
4.29966, -0.51495 , 0.29028, 1.50006, -0.50000, 0.50000 
4.30648, -0.51490 , 0.29087, 1.49884, -0.50000, 0.50000 
4.31082, -0.51485 , 0.29166, 1.49884, -0.50000, 0.50000 
4.31456, -0.51482 , 0.29205, 1.49884, -0.50000, 0.50000 
4.31996, -0.51478 , 0.29264, 1.49762, -0.50000, 0.50000 
4.32392, -0.51473 , 0.29322, 1.49884, -0.50000, 0.50000 
4.32930, -0.51471 , 0.29361, 1.49884, -0.50000, 0.50000 
4.33382, -0.51466 , 0.29420, 1.49762, -0.50000, 0.50000 
4.33750, -0.51463 , 0.29459, 1.49762, -0.50000, 0.50000 
4.34180, -0.51459 , 0.29518, 1.49884, -0.50000, 0.50000 
4.34558, -0.51456 , 0.29557, 1.49884, -0.50000, 0.50000 
4.35263, -0.51449 , 0.29655, 1.49762, -0.50000, 0.50000 
4.35991, -0.51443 , 0.29733, 1.49762, -0.50000, 0.50000 
4.36534, -0.51441 , 0.29773, 1.49762, -0.50000, 0.50000 
4.37118, -0.51435 , 0.29851, 1.49762, -0.50000, 0.50000 
4.37538, -0.51432 , 0.29890, 1.49762, -0.50000, 0.50000 
4.37940, -0.51428 , 0.29949, 1.49884, -0.50000, 0.50000 
4.38520, -0.51423 , 0.30008, 1.49762, -0.50000, 0.50000 
4.39138, -0.51418 , 0.30086, 1.49762, -0.50000, 0.50000 
4.39579, -0.51413 , 0.30145, 1.49884, -0.50000, 0.50000 
4.39967, -0.51411 , 0.30184, 1.49884, -0.50000, 0.50000 
4.40385, -0.51406 , 0.30243, 1.49762, -0.50000, 0.50000 
4.40777, -0.51402 , 0.30301, 1.49884, -0.50000, 0.50000 
4.41279, -0.51399 , 0.30341, 1.49884, -0.50000, 0.50000 
4.41689, -0.51396 , 0.30380, 1.49884, -0.50000, 0.50000 
4.42217, -0.51391 , 0.30458, 1.49884, -0.50000, 0.50000 
4.42583, -0.51388 , 0.30497, 1.49884, -0.50000, 0.50000 
4.43021, -0.51384 , 0.30556, 1.50006, -0.50000, 0.50000 
4.43401, -0.51381 , 0.30595, 1.50006, -0.50000, 0.50000 
4.43766, -0.51378 , 0.30634, 1.50006, -0.50000, 0.50000 
4.44157, -0.51375 , 0.30674, 1.50006, -0.50000, 0.50000 
4.44590, -0.51371 , 0.30732, 1.49884, -0.50000, 0.50000 
4.45042, -0.51367 , 0.30791, 1.50006, -0.50000, 0.50000 
4.45561, -0.51364 , 0.30830, 1.50006, -0.50000, 0.50000 
4.46033, -0.51360 , 0.30889, 1.50128, -0.50000, 0.50000 
4.47224, -0.51352 , 0.31006, 1.50128, -0.50000, 0.50000 
4.47738, -0.51348 , 0.31065, 1.50006, -0.50000, 0.50000 
4.48470, -0.51344 , 0.31124, 1.50128, -0.50000, 0.50000 
4.48922, -0.51341 , 0.31163, 1.50128, -0.50000, 0.50000 
4.49285, -0.51338 , 0.31202, 1.50128, -0.50000, 0.50000 
4.49657, -0.51335 , 0.31242, 1.50128, -0.50000, 0.50000 
4.50050, -0.51333 , 0.31281, 1.50128, -0.50000, 0.50000 
4.50461, -0.51330 , 0.31320, 1.50128, -0.50000, 0.50000 
4.50875, -0.51327 , 0.31359, 1.50128, -0.50000, 0.50000 
4.51295, -0.51325 , 0.31398, 1.50128, -0.50000, 0.50000 
4.51662, -0.51322 , 0.31437, 1.50128, -0.50000, 0.50000 
4.52033, -0.51320 , 0.31457, 1.50006, -0.50000, 0.50000 
4.52469, -0.51316 , 0.31516, 1.49884, -0.50000, 0.50000 
4.52842, -0.51313 , 0.31555, 1.49884, -0.50000, 0.50000 
4.53211, -0.51311 , 0.31594, 1.49884, -0.50000, 0.50000 
4.53598, -0.51308 , 0.31633, 1.49884, -0.50000, 0.50000 
4.54030, -0.51305 , 0.31672, 1.49884, -0.50000, 0.50000 
4.54559, -0.51299 , 0.31751, 1.49884, -0.50000, 0.50000 
4.54993, -0.51298 , 0.31770, 1.49762, -0.50000, 0.50000 
4.57029, -0.51282 , 0.31986, 1.49640, -0.50000, 0.50000 
4.57423, -0.51281 , 0.32005, 1.49518, -0.50000, 0.50000 
4.57836, -0.51278 , 0.32044, 1.49518, -0.50000, 0.50000 
4.58190, -0.51275 , 0.32084, 1.49518, -0.50000, 0.50000 
4.58548, -0.51273 , 0.32103, 1.49396, -0.50000, 0.50000 
4.58902, -0.51270 , 0.32142, 1.49396, -0.50000, 0.50000 
4.59270, -0.51269 , 0.32162, 1.49518, -0.50000, 0.50000 
4.60047, -0.51264 , 0.32221, 1.49396, -0.50000, 0.50000 
4.60506, -0.51261 , 0.32260, 1.49396, -0.50000, 0.50000 
4.60992, -0.51258 , 0.32299, 1.49396, -0.50000, 0.50000 
4.61472, -0.51247 , 0.32436, 1.49274, -0.50000, 0.50000 
4.62858, -0.51243 , 0.32495, 1.49396, -0.50000, 0.50000 
4.63357, -0.51238 , 0.32553, 1.49274, -0.50000, 0.50000 
4.63952, -0.51235 , 0.32593, 1.49274, -0.50000, 0.50000 
4.64466, -0.51226 , 0.32710, 1.49274, -0.50000, 0.50000 
4.66156, -0.51217 , 0.32828, 1.49274, -0.50000, 0.50000 
4.66551, -0.51214 , 0.32867, 1.49274, -0.50000, 0.50000 
4.67260, -0.51208 , 0.32945, 1.49274, -0.50000, 0.50000 
4.67625, -0.51206 , 0.32965, 1.49152, -0.50000, 0.50000 
4.67977, -0.51203 , 0.33004, 1.49152, -0.50000, 0.50000 
4.68383, -0.51200 , 0.33043, 1.49152, -0.50000, 0.50000 
4.69465, -0.51194 , 0.33121, 1.49152, -0.50000, 0.50000 
4.69963, -0.51189 , 0.33180, 1.49274, -0.50000, 0.50000 
4.70789, -0.51184 , 0.33239, 1.49152, -0.50000, 0.50000 
4.71248, -0.51181 , 0.33278, 1.49152, -0.50000, 0.50000 
4.72286, -0.51172 , 0.33395, 1.49152, -0.50000, 0.50000 
4.72768, -0.51169 , 0.33434, 1.49152, -0.50000, 0.50000 
4.73146, -0.51166 , 0.33473, 1.49152, -0.50000, 0.50000 
4.73509, -0.51166 , 0.33473, 1.49152, -0.50000, 0.50000 
4.73953, -0.51160 , 0.33552, 1.49152, -0.50000, 0.50000 
4.74406, -0.51156 , 0.33591, 1.49152, -0.50000, 0.50000 
4.74929, -0.51153 , 0.33630, 1.49152, -0.50000, 0.50000 
4.75307, -0.51150 , 0.33669, 1.49152, -0.50000, 0.50000 
4.75696, -0.51147 , 0.33708, 1.49152, -0.50000, 0.50000 
4.76065, -0.51144 , 0.33747, 1.49152, -0.50000, 0.50000 
4.76504, -0.51141 , 0.33787, 1.49152, -0.50000, 0.50000 
4.76891, -0.51138 , 0.33826, 1.49152, -0.50000, 0.50000 
4.77320, -0.51135 , 0.33865, 1.49152, -0.50000, 0.50000 
4.77703, -0.51132 , 0.33904, 1.49152, -0.50000, 0.50000 
4.78424, -0.51127 , 0.33963, 1.49274, -0.50000, 0.50000 
4.79072, -0.51122 , 0.34022, 1.49152, -0.50000, 0.50000 
4.79540, -0.51119 , 0.34061, 1.49152, -0.50000, 0.50000 
4.79884, -0.51118 , 0.34080, 1.49274, -0.50000, 0.50000 
4.80349, -0.51115 , 0.34119, 1.49274, -0.50000, 0.50000 
4.80710, -0.51112 , 0.34159, 1.49274, -0.50000, 0.50000 
4.81147, -0.51109 , 0.34198, 1.49274, -0.50000, 0.50000 
4.81524, -0.51105 , 0.34237, 1.49274, -0.50000, 0.50000 
4.82011, -0.51102 , 0.34276, 1.49274, -0.50000, 0.50000 
4.82406, -0.51101 , 0.34296, 1.49396, -0.50000, 0.50000 
4.82846, -0.51098 , 0.34335, 1.49396, -0.50000, 0.50000 
4.83279, -0.51095 , 0.34374, 1.49396, -0.50000, 0.50000 
4.83667, -0.51092 , 0.34413, 1.49396, -0.50000, 0.50000 
4.84067, -0.51089 , 0.34452, 1.49396, -0.50000, 0.50000 
4.84455, -0.51086 , 0.34491, 1.49396, -0.50000, 0.50000 
4.84958, -0.51083 , 0.34530, 1.49396, -0.50000, 0.50000 
4.85379, -0.51080 , 0.34570, 1.49396, -0.50000, 0.50000 
4.85840, -0.51077 , 0.34609, 1.49396, -0.50000, 0.50000 
4.86247, -0.51074 , 0.34648, 1.49396, -0.50000, 0.50000 
4.86620, -0.51072 , 0.34668, 1.49518, -0.50000, 0.50000 
4.87026, -0.51069 , 0.34707, 1.49518, -0.50000, 0.50000 
4.87460, -0.51066 , 0.34746, 1.49518, -0.50000, 0.50000 
4.87876, -0.51063 , 0.34785, 1.49518, -0.50000, 0.50000 
4.88348, -0.51062 , 0.34805, 1.49640, -0.50000, 0.50000 
4.88747, -0.51060 , 0.34824, 1.49518, -0.50000, 0.50000 
4.89134, -0.51057 , 0.34863, 1.49518, -0.50000, 0.50000 
4.89555, -0.51054 , 0.34902, 1.49518, -0.50000, 0.50000 
4.89963, -0.51052 , 0.34942, 1.49518, -0.50000, 0.50000 
4.90580, -0.51047 , 0.35000, 1.49640, -0.50000, 0.50000 
4.91047, -0.51044 , 0.35040, 1.49640, -0.50000, 0.50000 
4.91435, -0.51043 , 0.35059, 1.49762, -0.50000, 0.50000 
4.91807, -0.51041 , 0.35079, 1.49640, -0.50000, 0.50000 
4.92236, -0.51037 , 0.35137, 1.49762, -0.50000, 0.50000 
4.92703, -0.51035 , 0.35157, 1.49640, -0.50000, 0.50000 
4.93067, -0.51034 , 0.35177, 1.49762, -0.50000, 0.50000 
4.93449, -0.51031 , 0.35216, 1.49762, -0.50000, 0.50000 
4.93867, -0.51028 , 0.35255, 1.49762, -0.50000, 0.50000 
4.94255, -0.51027 , 0.35275, 1.49884, -0.50000, 0.50000 
4.94808, -0.51024 , 0.35314, 1.49884, -0.50000, 0.50000 
4.95290, -0.51021 , 0.35353, 1.49884, -0.50000, 0.50000 
4.95707, -0.51020 , 0.35372, 1.49762, -0.50000, 0.50000 
4.96078, -0.51017 , 0.35412, 1.49762, -0.50000, 0.50000 
4.96627, -0.51014 , 0.35451, 1.49762, -0.50000, 0.50000 
4.96991, -0.51011 , 0.35490, 1.49762, -0.50000, 0.50000 
4.97451, -0.51010 , 0.35510, 1.49884, -0.50000, 0.50000 
4.97877, -0.51007 , 0.35549, 1.49884, -0.50000, 0.50000 
4.98253, -0.51006 , 0.35568, 1.49762, -0.50000, 0.50000 
4.98614, -0.51003 , 0.35607, 1.49762, -0.50000, 0.50000 
4.98990, -0.51001 , 0.35627, 1.49884, -0.50000, 0.50000 
4.99373, -0.50998 , 0.35666, 1.49884, -0.50000, 0.50000 
4.99791, -0.50996 , 0.35705, 1.49884, -0.50000, 0.50000 
5.00164, -0.50994 , 0.35725, 1.49762, -0.50000, 0.50000 
5.00619, -0.50991 , 0.35764, 1.49762, -0.50000, 0.50000 
5.00991, -0.50990 , 0.35784, 1.49884, -0.50000, 0.50000 
5.01360, -0.50987 , 0.35823, 1.49884, -0.50000, 0.50000 
5.01726, -0.50986 , 0.35842, 1.49762, -0.50000, 0.50000 
5.02087, -0.50983 , 0.35882, 1.49762, -0.50000, 0.50000 
5.02486, -0.50981 , 0.35901, 1.49884, -0.50000, 0.50000 
5.02938, -0.50978 , 0.35940, 1.49884, -0.50000, 0.50000 
5.03315, -0.50976 , 0.35980, 1.49884, -0.50000, 0.50000 
5.03731, -0.50974 , 0.35999, 1.49762, -0.50000, 0.50000 
5.04125, -0.50973 , 0.36019, 1.49884, -0.50000, 0.50000 
5.04588, -0.50970 , 0.36058, 1.49884, -0.50000, 0.50000 
5.04964, -0.50967 , 0.36097, 1.49884, -0.50000, 0.50000 
5.05325, -0.50966 , 0.36117, 1.49762, -0.50000, 0.50000 
5.05699, -0.50964 , 0.36136, 1.49884, -0.50000, 0.50000 
5.06216, -0.50962 , 0.36175, 1.49884, -0.50000, 0.50000 
5.06648, -0.50959 , 0.36215, 1.49884, -0.50000, 0.50000 
5.07062, -0.50957 , 0.36234, 1.49762, -0.50000, 0.50000 
5.07425, -0.50954 , 0.36273, 1.49762, -0.50000, 0.50000 
5.07847, -0.50953 , 0.36293, 1.49884, -0.50000, 0.50000 
5.08222, -0.50950 , 0.36332, 1.49884, -0.50000, 0.50000 
5.08603, -0.50949 , 0.36352, 1.49762, -0.50000, 0.50000 
5.09049, -0.50946 , 0.36391, 1.49762, -0.50000, 0.50000 
5.09482, -0.50943 , 0.36430, 1.49762, -0.50000, 0.50000 
5.09895, -0.50940 , 0.36469, 1.49762, -0.50000, 0.50000 
