time, position_x, position_y, position_theta, target_x, target_y 
0.00360, -0.50000 , -1.19000, 1.57080, -0.50000, 0.00000 
0.00740, -0.50000 , -1.19000, 1.57080, -0.50000, 0.00000 
0.01101, -0.50000 , -1.19000, 1.57080, -0.50000, 0.00000 
0.01480, -0.50000 , -1.19000, 1.57080, -0.50000, 0.00000 
0.01898, -0.50000 , -1.19000, 1.57080, -0.50000, 0.00000 
0.02255, -0.50000 , -1.19000, 1.57080, -0.50000, 0.00000 
0.02613, -0.50000 , -1.19000, 1.57080, -0.50000, 0.00000 
0.02997, -0.50000 , -1.18980, 1.57202, -0.50000, 0.00000 
0.03378, -0.50000 , -1.18961, 1.57080, -0.50000, 0.00000 
0.03754, -0.50000 , -1.18941, 1.57202, -0.50000, 0.00000 
0.04118, -0.50000 , -1.18921, 1.57080, -0.50000, 0.00000 
0.06721, -0.50000 , -1.18725, 1.57080, -0.50000, 0.00000 
0.07691, -0.50000 , -1.18627, 1.56958, -0.50000, 0.00000 
0.08038, -0.50000 , -1.18607, 1.57080, -0.50000, 0.00000 
0.08379, -0.50000 , -1.18568, 1.57080, -0.50000, 0.00000 
0.08732, -0.50000 , -1.18548, 1.56958, -0.50000, 0.00000 
0.09085, -0.50000 , -1.18509, 1.56958, -0.50000, 0.00000 
0.10559, -0.50000 , -1.18372, 1.57080, -0.50000, 0.00000 
0.10922, -0.50000 , -1.18332, 1.57080, -0.50000, 0.00000 
0.11265, -0.50000 , -1.18293, 1.57080, -0.50000, 0.00000 
0.11617, -0.50000 , -1.18254, 1.57080, -0.50000, 0.00000 
0.11971, -0.50000 , -1.18215, 1.57080, -0.50000, 0.00000 
0.12325, -0.50000 , -1.18175, 1.57080, -0.50000, 0.00000 
0.13771, -0.50000 , -1.17999, 1.57202, -0.50000, 0.00000 
0.14113, -0.50000 , -1.17959, 1.57202, -0.50000, 0.00000 
0.14453, -0.50000 , -1.17900, 1.57080, -0.50000, 0.00000 
0.14807, -0.50000 , -1.17842, 1.57202, -0.50000, 0.00000 
0.15152, -0.50000 , -1.17802, 1.57202, -0.50000, 0.00000 
0.16586, -0.50001 , -1.17547, 1.57324, -0.50000, 0.00000 
0.16938, -0.50001 , -1.17488, 1.57202, -0.50000, 0.00000 
0.17280, -0.50001 , -1.17429, 1.57324, -0.50000, 0.00000 
0.17620, -0.50001 , -1.17351, 1.57324, -0.50000, 0.00000 
0.17959, -0.50001 , -1.17292, 1.57446, -0.50000, 0.00000 
0.18298, -0.50001 , -1.17233, 1.57324, -0.50000, 0.00000 
0.19723, -0.50002 , -1.16938, 1.57446, -0.50000, 0.00000 
0.20073, -0.50003 , -1.16860, 1.57446, -0.50000, 0.00000 
0.20413, -0.50003 , -1.16781, 1.57446, -0.50000, 0.00000 
0.20752, -0.50003 , -1.16722, 1.57567, -0.50000, 0.00000 
0.21093, -0.50003 , -1.16644, 1.57567, -0.50000, 0.00000 
0.21449, -0.50004 , -1.16546, 1.57689, -0.50000, 0.00000 
0.22872, -0.50006 , -1.16192, 1.57689, -0.50000, 0.00000 
0.23216, -0.50007 , -1.16094, 1.57811, -0.50000, 0.00000 
0.23628, -0.50008 , -1.15996, 1.57933, -0.50000, 0.00000 
0.23979, -0.50008 , -1.15917, 1.57933, -0.50000, 0.00000 
0.24319, -0.50009 , -1.15819, 1.58055, -0.50000, 0.00000 
0.25761, -0.50013 , -1.15426, 1.58299, -0.50000, 0.00000 
0.26116, -0.50015 , -1.15309, 1.58299, -0.50000, 0.00000 
0.26458, -0.50016 , -1.15230, 1.58299, -0.50000, 0.00000 
0.26797, -0.50017 , -1.15112, 1.58299, -0.50000, 0.00000 
0.27132, -0.50018 , -1.15034, 1.58299, -0.50000, 0.00000 
0.27469, -0.50020 , -1.14936, 1.58421, -0.50000, 0.00000 
0.28009, -0.50022 , -1.14779, 1.58421, -0.50000, 0.00000 
0.28895, -0.50026 , -1.14504, 1.58665, -0.50000, 0.00000 
0.29303, -0.50028 , -1.14366, 1.58787, -0.50000, 0.00000 
0.29682, -0.50030 , -1.14249, 1.58787, -0.50000, 0.00000 
0.30087, -0.50032 , -1.14131, 1.58787, -0.50000, 0.00000 
0.30484, -0.50034 , -1.13993, 1.58909, -0.50000, 0.00000 
0.31088, -0.50038 , -1.13777, 1.59031, -0.50000, 0.00000 
0.32213, -0.50046 , -1.13404, 1.59153, -0.50000, 0.00000 
0.32729, -0.50049 , -1.13247, 1.59397, -0.50000, 0.00000 
0.33185, -0.50053 , -1.13090, 1.59397, -0.50000, 0.00000 
0.34608, -0.50065 , -1.12580, 1.59641, -0.50000, 0.00000 
0.35714, -0.50077 , -1.12168, 1.60007, -0.50000, 0.00000 
0.36187, -0.50082 , -1.11991, 1.60129, -0.50000, 0.00000 
0.36975, -0.50091 , -1.11697, 1.60250, -0.50000, 0.00000 
0.37360, -0.50096 , -1.11540, 1.60250, -0.50000, 0.00000 
0.37774, -0.50102 , -1.11363, 1.60372, -0.50000, 0.00000 
0.38195, -0.50107 , -1.11206, 1.60372, -0.50000, 0.00000 
0.38598, -0.50112 , -1.11049, 1.60616, -0.50000, 0.00000 
0.39031, -0.50118 , -1.10892, 1.60616, -0.50000, 0.00000 
0.39470, -0.50125 , -1.10696, 1.60616, -0.50000, 0.00000 
0.39873, -0.50131 , -1.10539, 1.60860, -0.50000, 0.00000 
0.40292, -0.50138 , -1.10343, 1.60860, -0.50000, 0.00000 
0.40780, -0.50146 , -1.10147, 1.60860, -0.50000, 0.00000 
0.41279, -0.50153 , -1.09950, 1.61104, -0.50000, 0.00000 
0.41693, -0.50160 , -1.09793, 1.61104, -0.50000, 0.00000 
0.42124, -0.50167 , -1.09617, 1.61226, -0.50000, 0.00000 
0.42534, -0.50174 , -1.09440, 1.61348, -0.50000, 0.00000 
0.43007, -0.50184 , -1.09224, 1.61470, -0.50000, 0.00000 
0.43443, -0.50191 , -1.09048, 1.61592, -0.50000, 0.00000 
0.43956, -0.50201 , -1.08832, 1.61714, -0.50000, 0.00000 
0.44386, -0.50211 , -1.08616, 1.61836, -0.50000, 0.00000 
0.44873, -0.50221 , -1.08420, 1.61836, -0.50000, 0.00000 
0.45314, -0.50230 , -1.08224, 1.62080, -0.50000, 0.00000 
0.45738, -0.50255 , -1.07734, 1.62202, -0.50000, 0.00000 
0.46988, -0.50270 , -1.07440, 1.62324, -0.50000, 0.00000 
0.47429, -0.50281 , -1.07244, 1.62324, -0.50000, 0.00000 
0.47898, -0.50292 , -1.07028, 1.62446, -0.50000, 0.00000 
0.48318, -0.50302 , -1.06852, 1.62568, -0.50000, 0.00000 
0.48748, -0.50329 , -1.06361, 1.62690, -0.50000, 0.00000 
0.49838, -0.50343 , -1.06107, 1.62812, -0.50000, 0.00000 
0.50294, -0.50357 , -1.05871, 1.63055, -0.50000, 0.00000 
0.50741, -0.50369 , -1.05675, 1.63055, -0.50000, 0.00000 
0.51169, -0.50381 , -1.05479, 1.63055, -0.50000, 0.00000 
0.51605, -0.50396 , -1.05225, 1.63177, -0.50000, 0.00000 
0.52680, -0.50429 , -1.04695, 1.63299, -0.50000, 0.00000 
0.53141, -0.50445 , -1.04441, 1.63421, -0.50000, 0.00000 
0.53619, -0.50459 , -1.04225, 1.63543, -0.50000, 0.00000 
0.54033, -0.50474 , -1.03990, 1.63543, -0.50000, 0.00000 
0.54452, -0.50486 , -1.03794, 1.63543, -0.50000, 0.00000 
0.55450, -0.50519 , -1.03285, 1.63543, -0.50000, 0.00000 
0.55989, -0.50537 , -1.03010, 1.63543, -0.50000, 0.00000 
0.56467, -0.50554 , -1.02756, 1.63665, -0.50000, 0.00000 
0.56906, -0.50567 , -1.02560, 1.63665, -0.50000, 0.00000 
0.57319, -0.50581 , -1.02344, 1.63787, -0.50000, 0.00000 
0.57728, -0.50595 , -1.02129, 1.63665, -0.50000, 0.00000 
0.58793, -0.50632 , -1.01580, 1.63665, -0.50000, 0.00000 
0.59242, -0.50646 , -1.01365, 1.63543, -0.50000, 0.00000 
0.59788, -0.50662 , -1.01110, 1.63665, -0.50000, 0.00000 
0.60210, -0.50678 , -1.00875, 1.63665, -0.50000, 0.00000 
0.60629, -0.50692 , -1.00659, 1.63787, -0.50000, 0.00000 
0.61673, -0.50728 , -1.00111, 1.63543, -0.50000, 0.00000 
0.62148, -0.50744 , -0.99876, 1.63543, -0.50000, 0.00000 
0.62607, -0.50760 , -0.99621, 1.63421, -0.50000, 0.00000 
0.63048, -0.50775 , -0.99386, 1.63421, -0.50000, 0.00000 
0.63450, -0.50787 , -0.99190, 1.63421, -0.50000, 0.00000 
0.63866, -0.50801 , -0.98974, 1.63299, -0.50000, 0.00000 
0.64903, -0.50836 , -0.98406, 1.63177, -0.50000, 0.00000 
0.66198, -0.50886 , -0.97744, 1.62888, -0.50000, 0.00000 
0.66612, -0.50899 , -0.97528, 1.62766, -0.50000, 0.00000 
0.68141, -0.50945 , -0.96705, 1.62522, -0.50000, 0.00000 
0.68644, -0.50958 , -0.96450, 1.62400, -0.50000, 0.00000 
0.69086, -0.50970 , -0.96234, 1.62278, -0.50000, 0.00000 
0.69507, -0.50981 , -0.96019, 1.62156, -0.50000, 0.00000 
0.69886, -0.50991 , -0.95823, 1.62156, -0.50000, 0.00000 
0.70269, -0.51000 , -0.95627, 1.61912, -0.50000, 0.00000 
0.70668, -0.51012 , -0.95391, 1.61912, -0.50000, 0.00000 
0.71147, -0.51023 , -0.95156, 1.61668, -0.50000, 0.00000 
0.71561, -0.51034 , -0.94920, 1.61668, -0.50000, 0.00000 
0.71971, -0.51042 , -0.94724, 1.61424, -0.50000, 0.00000 
0.72346, -0.51050 , -0.94548, 1.61302, -0.50000, 0.00000 
0.72744, -0.51059 , -0.94332, 1.61180, -0.50000, 0.00000 
0.73120, -0.51067 , -0.94136, 1.61180, -0.50000, 0.00000 
0.73511, -0.51075 , -0.93940, 1.60936, -0.50000, 0.00000 
0.73912, -0.51082 , -0.93743, 1.60936, -0.50000, 0.00000 
0.74372, -0.51092 , -0.93488, 1.60814, -0.50000, 0.00000 
0.74797, -0.51102 , -0.93233, 1.60693, -0.50000, 0.00000 
0.75219, -0.51109 , -0.93037, 1.60693, -0.50000, 0.00000 
0.75596, -0.51116 , -0.92841, 1.60693, -0.50000, 0.00000 
0.75979, -0.51123 , -0.92645, 1.60449, -0.50000, 0.00000 
0.76357, -0.51129 , -0.92448, 1.60449, -0.50000, 0.00000 
0.76776, -0.51138 , -0.92193, 1.60327, -0.50000, 0.00000 
0.77230, -0.51144 , -0.91977, 1.60205, -0.50000, 0.00000 
0.77655, -0.51152 , -0.91722, 1.60083, -0.50000, 0.00000 
0.78082, -0.51159 , -0.91506, 1.59961, -0.50000, 0.00000 
0.78463, -0.51164 , -0.91310, 1.59961, -0.50000, 0.00000 
0.79123, -0.51281 , -0.90993, 1.60712, -0.50000, 0.00000 
0.79505, -0.51288 , -0.90797, 1.60469, -0.50000, 0.00000 
0.79888, -0.51295 , -0.90601, 1.60469, -0.50000, 0.00000 
0.80282, -0.51302 , -0.90385, 1.60347, -0.50000, 0.00000 
0.80756, -0.51310 , -0.90130, 1.60225, -0.50000, 0.00000 
0.81176, -0.51318 , -0.89894, 1.60225, -0.50000, 0.00000 
0.81580, -0.51324 , -0.89678, 1.60103, -0.50000, 0.00000 
0.81974, -0.51331 , -0.89462, 1.59981, -0.50000, 0.00000 
0.82353, -0.51336 , -0.89266, 1.59981, -0.50000, 0.00000 
0.82743, -0.51342 , -0.89070, 1.59737, -0.50000, 0.00000 
0.83224, -0.51348 , -0.88815, 1.59615, -0.50000, 0.00000 
0.83640, -0.51353 , -0.88638, 1.59493, -0.50000, 0.00000 
0.84066, -0.51358 , -0.88422, 1.59371, -0.50000, 0.00000 
0.84458, -0.51363 , -0.88206, 1.59249, -0.50000, 0.00000 
0.84836, -0.51366 , -0.88030, 1.59127, -0.50000, 0.00000 
0.85212, -0.51370 , -0.87833, 1.59127, -0.50000, 0.00000 
0.85595, -0.51374 , -0.87637, 1.59127, -0.50000, 0.00000 
0.86010, -0.51379 , -0.87421, 1.59005, -0.50000, 0.00000 
0.86473, -0.51383 , -0.87205, 1.58883, -0.50000, 0.00000 
0.86913, -0.51386 , -0.86989, 1.58761, -0.50000, 0.00000 
0.87298, -0.51389 , -0.86812, 1.58639, -0.50000, 0.00000 
0.87682, -0.51392 , -0.86636, 1.58517, -0.50000, 0.00000 
0.88066, -0.51394 , -0.86459, 1.58395, -0.50000, 0.00000 
0.88437, -0.51397 , -0.86263, 1.58395, -0.50000, 0.00000 
0.88825, -0.51399 , -0.86086, 1.58273, -0.50000, 0.00000 
0.89280, -0.51402 , -0.85850, 1.58273, -0.50000, 0.00000 
0.89692, -0.51404 , -0.85634, 1.58151, -0.50000, 0.00000 
0.90132, -0.51407 , -0.85418, 1.58029, -0.50000, 0.00000 
0.90511, -0.51408 , -0.85242, 1.57907, -0.50000, 0.00000 
0.90900, -0.51410 , -0.85065, 1.57786, -0.50000, 0.00000 
0.91276, -0.51411 , -0.84869, 1.57786, -0.50000, 0.00000 
0.91666, -0.51412 , -0.84692, 1.57664, -0.50000, 0.00000 
0.92060, -0.51413 , -0.84496, 1.57664, -0.50000, 0.00000 
0.92817, -0.51305 , -0.84154, 1.56489, -0.50000, 0.00000 
0.93230, -0.51303 , -0.83938, 1.56367, -0.50000, 0.00000 
0.93613, -0.51302 , -0.83761, 1.56245, -0.50000, 0.00000 
0.93994, -0.51301 , -0.83584, 1.56123, -0.50000, 0.00000 
0.94372, -0.51299 , -0.83427, 1.56123, -0.50000, 0.00000 
0.94749, -0.51297 , -0.83250, 1.56001, -0.50000, 0.00000 
0.95128, -0.51295 , -0.83074, 1.55879, -0.50000, 0.00000 
0.95518, -0.51293 , -0.82877, 1.55879, -0.50000, 0.00000 
0.95982, -0.51291 , -0.82701, 1.55757, -0.50000, 0.00000 
0.96425, -0.51288 , -0.82485, 1.55635, -0.50000, 0.00000 
0.96837, -0.51285 , -0.82328, 1.55635, -0.50000, 0.00000 
0.97217, -0.51283 , -0.82131, 1.55635, -0.50000, 0.00000 
0.97642, -0.51280 , -0.81955, 1.55513, -0.50000, 0.00000 
0.98090, -0.51277 , -0.81758, 1.55513, -0.50000, 0.00000 
0.98556, -0.51273 , -0.81542, 1.55391, -0.50000, 0.00000 
0.99026, -0.51270 , -0.81346, 1.55391, -0.50000, 0.00000 
0.99442, -0.51267 , -0.81169, 1.55269, -0.50000, 0.00000 
0.99835, -0.51264 , -0.80993, 1.55147, -0.50000, 0.00000 
1.00240, -0.51261 , -0.80836, 1.55147, -0.50000, 0.00000 
1.00664, -0.51256 , -0.80620, 1.55025, -0.50000, 0.00000 
1.01110, -0.51252 , -0.80423, 1.55025, -0.50000, 0.00000 
1.01603, -0.51248 , -0.80207, 1.54904, -0.50000, 0.00000 
1.02063, -0.51243 , -0.80011, 1.54904, -0.50000, 0.00000 
1.02474, -0.51239 , -0.79815, 1.54904, -0.50000, 0.00000 
1.02869, -0.51236 , -0.79658, 1.54904, -0.50000, 0.00000 
1.03240, -0.51232 , -0.79501, 1.54904, -0.50000, 0.00000 
1.03603, -0.51228 , -0.79324, 1.54782, -0.50000, 0.00000 
1.03992, -0.51225 , -0.79167, 1.54782, -0.50000, 0.00000 
1.04396, -0.51220 , -0.78971, 1.54782, -0.50000, 0.00000 
1.04837, -0.51216 , -0.78794, 1.54660, -0.50000, 0.00000 
1.05603, -0.51499 , -0.78565, 1.56999, -0.50000, 0.00000 
1.06010, -0.51499 , -0.78369, 1.56999, -0.50000, 0.00000 
1.06441, -0.51498 , -0.78192, 1.56877, -0.50000, 0.00000 
1.06846, -0.51498 , -0.78016, 1.56999, -0.50000, 0.00000 
1.07229, -0.51498 , -0.77859, 1.56999, -0.50000, 0.00000 
1.07893, -0.51498 , -0.77564, 1.56877, -0.50000, 0.00000 
1.08318, -0.51497 , -0.77407, 1.56877, -0.50000, 0.00000 
1.08751, -0.51497 , -0.77211, 1.56877, -0.50000, 0.00000 
1.09137, -0.51497 , -0.77073, 1.56755, -0.50000, 0.00000 
1.09522, -0.51496 , -0.76896, 1.56877, -0.50000, 0.00000 
1.09909, -0.51496 , -0.76739, 1.56877, -0.50000, 0.00000 
1.10310, -0.51495 , -0.76582, 1.56877, -0.50000, 0.00000 
1.10690, -0.51495 , -0.76425, 1.56877, -0.50000, 0.00000 
1.11084, -0.51495 , -0.76268, 1.56877, -0.50000, 0.00000 
1.11477, -0.51494 , -0.76033, 1.56877, -0.50000, 0.00000 
1.12019, -0.51494 , -0.75875, 1.56877, -0.50000, 0.00000 
1.12406, -0.51494 , -0.75718, 1.56877, -0.50000, 0.00000 
1.12806, -0.51493 , -0.75561, 1.56877, -0.50000, 0.00000 
1.13190, -0.51493 , -0.75404, 1.56877, -0.50000, 0.00000 
1.13634, -0.51493 , -0.75227, 1.56999, -0.50000, 0.00000 
1.14067, -0.51493 , -0.75051, 1.56877, -0.50000, 0.00000 
1.14450, -0.51492 , -0.74894, 1.56877, -0.50000, 0.00000 
1.14907, -0.51492 , -0.74717, 1.56999, -0.50000, 0.00000 
1.15331, -0.51492 , -0.74540, 1.56877, -0.50000, 0.00000 
1.15769, -0.51491 , -0.74383, 1.56877, -0.50000, 0.00000 
1.16144, -0.51491 , -0.74226, 1.56877, -0.50000, 0.00000 
1.16553, -0.51491 , -0.74069, 1.56877, -0.50000, 0.00000 
1.16998, -0.51491 , -0.73892, 1.56999, -0.50000, 0.00000 
1.17758, -0.51824 , -0.73708, 1.59696, -0.50000, 0.00000 
1.18196, -0.51829 , -0.73532, 1.59574, -0.50000, 0.00000 
1.18593, -0.51833 , -0.73375, 1.59817, -0.50000, 0.00000 
1.18991, -0.51837 , -0.73218, 1.59817, -0.50000, 0.00000 
1.19371, -0.51842 , -0.73061, 1.59817, -0.50000, 0.00000 
1.19822, -0.51846 , -0.72884, 1.59696, -0.50000, 0.00000 
1.20234, -0.51851 , -0.72707, 1.59817, -0.50000, 0.00000 
1.20671, -0.51855 , -0.72550, 1.59817, -0.50000, 0.00000 
1.21105, -0.51860 , -0.72393, 1.59817, -0.50000, 0.00000 
1.21602, -0.51865 , -0.72197, 1.59817, -0.50000, 0.00000 
1.22006, -0.51869 , -0.72040, 1.59817, -0.50000, 0.00000 
1.22444, -0.51874 , -0.71883, 1.59817, -0.50000, 0.00000 
1.22871, -0.51879 , -0.71706, 1.59939, -0.50000, 0.00000 
1.23313, -0.51883 , -0.71549, 1.59939, -0.50000, 0.00000 
1.23802, -0.51889 , -0.71353, 1.59939, -0.50000, 0.00000 
1.24228, -0.51894 , -0.71177, 1.60061, -0.50000, 0.00000 
1.24689, -0.51899 , -0.71000, 1.59939, -0.50000, 0.00000 
1.25093, -0.51904 , -0.70843, 1.59939, -0.50000, 0.00000 
1.25511, -0.51908 , -0.70686, 1.59939, -0.50000, 0.00000 
1.25973, -0.51913 , -0.70529, 1.59939, -0.50000, 0.00000 
1.26399, -0.51917 , -0.70372, 1.59939, -0.50000, 0.00000 
1.26829, -0.51922 , -0.70215, 1.59939, -0.50000, 0.00000 
1.27221, -0.51925 , -0.70077, 1.59817, -0.50000, 0.00000 
1.27595, -0.51930 , -0.69920, 1.59817, -0.50000, 0.00000 
1.27972, -0.51933 , -0.69803, 1.59817, -0.50000, 0.00000 
1.28347, -0.51978 , -0.69718, 1.60047, -0.50000, 0.00000 
1.29093, -0.51986 , -0.69443, 1.60047, -0.50000, 0.00000 
1.29576, -0.51992 , -0.69267, 1.59925, -0.50000, 0.00000 
1.29984, -0.51996 , -0.69110, 1.59925, -0.50000, 0.00000 
1.30383, -0.52000 , -0.68972, 1.60047, -0.50000, 0.00000 
1.30757, -0.52004 , -0.68835, 1.59925, -0.50000, 0.00000 
1.31138, -0.52009 , -0.68678, 1.59925, -0.50000, 0.00000 
1.31517, -0.52012 , -0.68540, 1.59803, -0.50000, 0.00000 
1.31924, -0.52017 , -0.68383, 1.59803, -0.50000, 0.00000 
1.32361, -0.52021 , -0.68226, 1.59803, -0.50000, 0.00000 
1.32770, -0.52025 , -0.68069, 1.59803, -0.50000, 0.00000 
1.33213, -0.52030 , -0.67893, 1.59681, -0.50000, 0.00000 
1.33609, -0.52033 , -0.67755, 1.59559, -0.50000, 0.00000 
1.33991, -0.52037 , -0.67598, 1.59559, -0.50000, 0.00000 
1.34380, -0.52041 , -0.67461, 1.59437, -0.50000, 0.00000 
1.34770, -0.52044 , -0.67304, 1.59437, -0.50000, 0.00000 
1.35230, -0.52048 , -0.67147, 1.59437, -0.50000, 0.00000 
1.35655, -0.52052 , -0.66970, 1.59315, -0.50000, 0.00000 
1.36082, -0.52055 , -0.66833, 1.59193, -0.50000, 0.00000 
1.36453, -0.52058 , -0.66695, 1.59071, -0.50000, 0.00000 
1.36850, -0.52061 , -0.66538, 1.59071, -0.50000, 0.00000 
1.37224, -0.52064 , -0.66401, 1.58949, -0.50000, 0.00000 
1.37615, -0.52066 , -0.66263, 1.58827, -0.50000, 0.00000 
1.38094, -0.52069 , -0.66106, 1.58827, -0.50000, 0.00000 
1.38478, -0.52072 , -0.65949, 1.58827, -0.50000, 0.00000 
1.38965, -0.52075 , -0.65773, 1.58705, -0.50000, 0.00000 
1.39342, -0.52077 , -0.65655, 1.58705, -0.50000, 0.00000 
1.39712, -0.52079 , -0.65517, 1.58583, -0.50000, 0.00000 
1.40093, -0.52081 , -0.65380, 1.58461, -0.50000, 0.00000 
1.40471, -0.51926 , -0.65201, 1.56894, -0.50000, 0.00000 
1.41155, -0.51926 , -0.65044, 1.56894, -0.50000, 0.00000 
1.41570, -0.51926 , -0.64907, 1.56772, -0.50000, 0.00000 
1.42010, -0.51925 , -0.64730, 1.56650, -0.50000, 0.00000 
1.42411, -0.51925 , -0.64612, 1.56650, -0.50000, 0.00000 
1.42784, -0.51924 , -0.64475, 1.56528, -0.50000, 0.00000 
1.43159, -0.51923 , -0.64337, 1.56406, -0.50000, 0.00000 
1.43530, -0.51922 , -0.64219, 1.56406, -0.50000, 0.00000 
1.43921, -0.51921 , -0.64062, 1.56406, -0.50000, 0.00000 
1.44310, -0.51920 , -0.63925, 1.56284, -0.50000, 0.00000 
1.44771, -0.51919 , -0.63748, 1.56162, -0.50000, 0.00000 
1.45190, -0.51917 , -0.63611, 1.56040, -0.50000, 0.00000 
1.45616, -0.51916 , -0.63473, 1.55918, -0.50000, 0.00000 
1.45992, -0.51914 , -0.63356, 1.55918, -0.50000, 0.00000 
1.46394, -0.51913 , -0.63198, 1.55918, -0.50000, 0.00000 
1.46784, -0.51911 , -0.63061, 1.55796, -0.50000, 0.00000 
1.47242, -0.51909 , -0.62924, 1.55674, -0.50000, 0.00000 
1.47643, -0.51907 , -0.62767, 1.55674, -0.50000, 0.00000 
1.48125, -0.51905 , -0.62609, 1.55674, -0.50000, 0.00000 
1.48519, -0.51903 , -0.62472, 1.55552, -0.50000, 0.00000 
1.48892, -0.51900 , -0.62335, 1.55430, -0.50000, 0.00000 
1.49263, -0.51899 , -0.62217, 1.55430, -0.50000, 0.00000 
1.49646, -0.51896 , -0.62079, 1.55308, -0.50000, 0.00000 
1.50034, -0.51894 , -0.61942, 1.55186, -0.50000, 0.00000 
1.50479, -0.51891 , -0.61785, 1.55186, -0.50000, 0.00000 
1.51194, -0.51891 , -0.61596, 1.55002, -0.50000, 0.00000 
1.51572, -0.51889 , -0.61478, 1.55002, -0.50000, 0.00000 
1.51962, -0.51886 , -0.61340, 1.54880, -0.50000, 0.00000 
1.52335, -0.51883 , -0.61223, 1.54880, -0.50000, 0.00000 
1.52714, -0.51880 , -0.61085, 1.54758, -0.50000, 0.00000 
1.53090, -0.51877 , -0.60968, 1.54758, -0.50000, 0.00000 
1.53484, -0.51874 , -0.60810, 1.54758, -0.50000, 0.00000 
1.53939, -0.51870 , -0.60673, 1.54636, -0.50000, 0.00000 
1.54376, -0.51866 , -0.60516, 1.54636, -0.50000, 0.00000 
1.54783, -0.51863 , -0.60379, 1.54514, -0.50000, 0.00000 
1.55156, -0.51860 , -0.60241, 1.54636, -0.50000, 0.00000 
1.55529, -0.51857 , -0.60123, 1.54392, -0.50000, 0.00000 
1.55916, -0.51853 , -0.59986, 1.54514, -0.50000, 0.00000 
1.56327, -0.51849 , -0.59849, 1.54392, -0.50000, 0.00000 
1.56768, -0.51846 , -0.59711, 1.54270, -0.50000, 0.00000 
1.57210, -0.51842 , -0.59574, 1.54392, -0.50000, 0.00000 
1.57609, -0.51838 , -0.59436, 1.54270, -0.50000, 0.00000 
1.57988, -0.51835 , -0.59319, 1.54270, -0.50000, 0.00000 
1.58359, -0.51831 , -0.59201, 1.54270, -0.50000, 0.00000 
1.58731, -0.51827 , -0.59064, 1.54148, -0.50000, 0.00000 
1.59138, -0.51824 , -0.58946, 1.54148, -0.50000, 0.00000 
1.59596, -0.51819 , -0.58789, 1.54148, -0.50000, 0.00000 
1.60017, -0.51815 , -0.58651, 1.54026, -0.50000, 0.00000 
1.60458, -0.51811 , -0.58514, 1.54148, -0.50000, 0.00000 
1.60860, -0.51807 , -0.58377, 1.54026, -0.50000, 0.00000 
1.61233, -0.51803 , -0.58239, 1.54148, -0.50000, 0.00000 
1.61638, -0.51799 , -0.58122, 1.54148, -0.50000, 0.00000 
1.62027, -0.51779 , -0.57994, 1.53897, -0.50000, 0.00000 
1.62706, -0.51775 , -0.57857, 1.53775, -0.50000, 0.00000 
1.63127, -0.51770 , -0.57720, 1.53653, -0.50000, 0.00000 
1.63543, -0.51766 , -0.57582, 1.53775, -0.50000, 0.00000 
1.63943, -0.51762 , -0.57464, 1.53775, -0.50000, 0.00000 
1.64318, -0.51757 , -0.57327, 1.53653, -0.50000, 0.00000 
1.64708, -0.51753 , -0.57209, 1.53653, -0.50000, 0.00000 
1.65083, -0.51749 , -0.57092, 1.53653, -0.50000, 0.00000 
1.65467, -0.51745 , -0.56974, 1.53653, -0.50000, 0.00000 
1.65939, -0.51740 , -0.56817, 1.53653, -0.50000, 0.00000 
1.66345, -0.51735 , -0.56680, 1.53775, -0.50000, 0.00000 
1.66788, -0.51731 , -0.56542, 1.53897, -0.50000, 0.00000 
1.67183, -0.51727 , -0.56424, 1.53897, -0.50000, 0.00000 
1.67557, -0.51723 , -0.56307, 1.53897, -0.50000, 0.00000 
1.67957, -0.51719 , -0.56189, 1.53897, -0.50000, 0.00000 
1.68343, -0.51716 , -0.56071, 1.53897, -0.50000, 0.00000 
1.68850, -0.51710 , -0.55895, 1.53775, -0.50000, 0.00000 
1.69356, -0.51705 , -0.55738, 1.53775, -0.50000, 0.00000 
1.69771, -0.51701 , -0.55620, 1.53775, -0.50000, 0.00000 
1.70160, -0.51696 , -0.55482, 1.53897, -0.50000, 0.00000 
1.70533, -0.51693 , -0.55365, 1.53897, -0.50000, 0.00000 
1.70918, -0.51689 , -0.55247, 1.53897, -0.50000, 0.00000 
1.71298, -0.51685 , -0.55129, 1.53897, -0.50000, 0.00000 
1.71759, -0.51680 , -0.54972, 1.53897, -0.50000, 0.00000 
1.72262, -0.51676 , -0.54835, 1.54019, -0.50000, 0.00000 
1.72948, -0.51719 , -0.54700, 1.54237, -0.50000, 0.00000 
1.73345, -0.51716 , -0.54582, 1.54237, -0.50000, 0.00000 
1.73731, -0.51713 , -0.54484, 1.54359, -0.50000, 0.00000 
1.74131, -0.51709 , -0.54346, 1.54481, -0.50000, 0.00000 
1.74506, -0.51706 , -0.54229, 1.54481, -0.50000, 0.00000 
1.74920, -0.51703 , -0.54111, 1.54481, -0.50000, 0.00000 
1.75349, -0.51700 , -0.53993, 1.54481, -0.50000, 0.00000 
1.75808, -0.51696 , -0.53836, 1.54481, -0.50000, 0.00000 
1.76217, -0.51693 , -0.53718, 1.54481, -0.50000, 0.00000 
1.76610, -0.51690 , -0.53600, 1.54481, -0.50000, 0.00000 
1.76982, -0.51687 , -0.53483, 1.54481, -0.50000, 0.00000 
1.77391, -0.51684 , -0.53365, 1.54481, -0.50000, 0.00000 
1.77832, -0.51680 , -0.53227, 1.54603, -0.50000, 0.00000 
1.78257, -0.51677 , -0.53110, 1.54603, -0.50000, 0.00000 
1.78695, -0.51675 , -0.52992, 1.54603, -0.50000, 0.00000 
1.79100, -0.51672 , -0.52874, 1.54603, -0.50000, 0.00000 
1.79471, -0.51669 , -0.52756, 1.54603, -0.50000, 0.00000 
1.79849, -0.51666 , -0.52639, 1.54603, -0.50000, 0.00000 
1.80225, -0.51664 , -0.52560, 1.54603, -0.50000, 0.00000 
1.80637, -0.51661 , -0.52442, 1.54603, -0.50000, 0.00000 
1.81073, -0.51658 , -0.52305, 1.54725, -0.50000, 0.00000 
1.81506, -0.51655 , -0.52187, 1.54725, -0.50000, 0.00000 
1.81920, -0.51416 , -0.52107, 1.52323, -0.50000, 0.00000 
1.82492, -0.51409 , -0.51950, 1.52323, -0.50000, 0.00000 
1.82877, -0.51403 , -0.51832, 1.52323, -0.50000, 0.00000 
1.83250, -0.51397 , -0.51715, 1.52323, -0.50000, 0.00000 
1.83627, -0.51393 , -0.51617, 1.52201, -0.50000, 0.00000 
1.84064, -0.51386 , -0.51479, 1.52323, -0.50000, 0.00000 
1.84478, -0.51380 , -0.51362, 1.52323, -0.50000, 0.00000 
1.84947, -0.51375 , -0.51244, 1.52323, -0.50000, 0.00000 
1.85345, -0.51369 , -0.51126, 1.52323, -0.50000, 0.00000 
1.85726, -0.51364 , -0.51009, 1.52323, -0.50000, 0.00000 
1.86114, -0.51360 , -0.50930, 1.52323, -0.50000, 0.00000 
1.86493, -0.51354 , -0.50812, 1.52323, -0.50000, 0.00000 
1.86973, -0.51348 , -0.50675, 1.52445, -0.50000, 0.00000 
1.87367, -0.51343 , -0.50577, 1.52323, -0.50000, 0.00000 
1.87829, -0.51337 , -0.50440, 1.52445, -0.50000, 0.00000 
1.88195, -0.51333 , -0.50361, 1.52445, -0.50000, 0.00000 
1.88562, -0.51328 , -0.50244, 1.52445, -0.50000, 0.00000 
1.88937, -0.51322 , -0.50126, 1.52445, -0.50000, 0.00000 
1.89322, -0.51319 , -0.50047, 1.52445, -0.50000, 0.00000 
1.89705, -0.51313 , -0.49930, 1.52445, -0.50000, 0.00000 
1.90154, -0.51307 , -0.49792, 1.52567, -0.50000, 0.00000 
1.90558, -0.51302 , -0.49675, 1.52567, -0.50000, 0.00000 
1.90995, -0.51297 , -0.49577, 1.52689, -0.50000, 0.00000 
1.91368, -0.51293 , -0.49479, 1.52567, -0.50000, 0.00000 
1.91763, -0.51288 , -0.49381, 1.52689, -0.50000, 0.00000 
1.92137, -0.51284 , -0.49282, 1.52567, -0.50000, 0.00000 
1.92510, -0.51160 , -0.49182, 1.51282, -0.50000, 0.00000 
1.93150, -0.51153 , -0.49064, 1.51282, -0.50000, 0.00000 
1.93573, -0.51148 , -0.48966, 1.51404, -0.50000, 0.00000 
1.94011, -0.51141 , -0.48848, 1.51404, -0.50000, 0.00000 
1.94421, -0.51137 , -0.48770, 1.51404, -0.50000, 0.00000 
1.94795, -0.51130 , -0.48652, 1.51404, -0.50000, 0.00000 
1.95180, -0.51126 , -0.48574, 1.51404, -0.50000, 0.00000 
1.95556, -0.51120 , -0.48476, 1.51526, -0.50000, 0.00000 
1.95954, -0.51113 , -0.48358, 1.51526, -0.50000, 0.00000 
1.96393, -0.51108 , -0.48260, 1.51648, -0.50000, 0.00000 
1.96802, -0.51102 , -0.48143, 1.51648, -0.50000, 0.00000 
1.97232, -0.51096 , -0.48045, 1.51770, -0.50000, 0.00000 
1.97616, -0.51091 , -0.47947, 1.51648, -0.50000, 0.00000 
1.97989, -0.51086 , -0.47849, 1.51770, -0.50000, 0.00000 
1.98363, -0.51082 , -0.47770, 1.51770, -0.50000, 0.00000 
1.98744, -0.51075 , -0.47652, 1.51770, -0.50000, 0.00000 
1.99218, -0.51070 , -0.47554, 1.51892, -0.50000, 0.00000 
1.99625, -0.51064 , -0.47437, 1.51892, -0.50000, 0.00000 
2.00106, -0.51058 , -0.47319, 1.51892, -0.50000, 0.00000 
2.00480, -0.51053 , -0.47221, 1.52014, -0.50000, 0.00000 
2.00868, -0.51049 , -0.47143, 1.52014, -0.50000, 0.00000 
2.01241, -0.51044 , -0.47045, 1.52136, -0.50000, 0.00000 
2.01631, -0.51039 , -0.46947, 1.52258, -0.50000, 0.00000 
2.02029, -0.51172 , -0.46877, 1.53566, -0.50000, 0.00000 
2.02709, -0.51168 , -0.46760, 1.53566, -0.50000, 0.00000 
2.03167, -0.51165 , -0.46662, 1.53688, -0.50000, 0.00000 
2.03542, -0.51161 , -0.46563, 1.53810, -0.50000, 0.00000 
2.03928, -0.51158 , -0.46446, 1.53810, -0.50000, 0.00000 
2.04298, -0.51155 , -0.46367, 1.53810, -0.50000, 0.00000 
2.04683, -0.51152 , -0.46269, 1.53932, -0.50000, 0.00000 
2.05058, -0.51149 , -0.46191, 1.53932, -0.50000, 0.00000 
2.05500, -0.51146 , -0.46073, 1.53932, -0.50000, 0.00000 
2.05909, -0.51143 , -0.45975, 1.54054, -0.50000, 0.00000 
2.06391, -0.51139 , -0.45857, 1.54054, -0.50000, 0.00000 
2.06768, -0.51136 , -0.45759, 1.54176, -0.50000, 0.00000 
2.07140, -0.51134 , -0.45680, 1.54176, -0.50000, 0.00000 
2.07512, -0.51131 , -0.45582, 1.54298, -0.50000, 0.00000 
2.07904, -0.51128 , -0.45484, 1.54176, -0.50000, 0.00000 
2.08349, -0.51125 , -0.45386, 1.54298, -0.50000, 0.00000 
2.08772, -0.51122 , -0.45268, 1.54298, -0.50000, 0.00000 
2.09224, -0.51119 , -0.45150, 1.54298, -0.50000, 0.00000 
2.09615, -0.51116 , -0.45052, 1.54420, -0.50000, 0.00000 
2.09988, -0.51114 , -0.44974, 1.54420, -0.50000, 0.00000 
2.10364, -0.51111 , -0.44856, 1.54420, -0.50000, 0.00000 
2.10745, -0.51109 , -0.44777, 1.54420, -0.50000, 0.00000 
2.11160, -0.51106 , -0.44660, 1.54420, -0.50000, 0.00000 
2.11601, -0.51095 , -0.44559, 1.54342, -0.50000, 0.00000 
2.12383, -0.51092 , -0.44442, 1.54342, -0.50000, 0.00000 
2.12800, -0.51090 , -0.44363, 1.54342, -0.50000, 0.00000 
2.13179, -0.51086 , -0.44245, 1.54342, -0.50000, 0.00000 
2.13566, -0.51084 , -0.44167, 1.54342, -0.50000, 0.00000 
2.13980, -0.51081 , -0.44049, 1.54342, -0.50000, 0.00000 
2.14379, -0.51078 , -0.43931, 1.54342, -0.50000, 0.00000 
2.14774, -0.51076 , -0.43853, 1.54342, -0.50000, 0.00000 
2.15310, -0.51071 , -0.43696, 1.54342, -0.50000, 0.00000 
2.15751, -0.51068 , -0.43578, 1.54342, -0.50000, 0.00000 
2.16181, -0.51066 , -0.43499, 1.54342, -0.50000, 0.00000 
2.16576, -0.51063 , -0.43401, 1.54220, -0.50000, 0.00000 
2.16956, -0.51061 , -0.43303, 1.54342, -0.50000, 0.00000 
2.17358, -0.51058 , -0.43225, 1.54342, -0.50000, 0.00000 
2.17803, -0.51055 , -0.43107, 1.54342, -0.50000, 0.00000 
2.18230, -0.51052 , -0.42989, 1.54342, -0.50000, 0.00000 
2.18692, -0.51049 , -0.42891, 1.54220, -0.50000, 0.00000 
2.19117, -0.51046 , -0.42773, 1.54220, -0.50000, 0.00000 
2.19495, -0.51044 , -0.42695, 1.54220, -0.50000, 0.00000 
2.19893, -0.51041 , -0.42597, 1.54098, -0.50000, 0.00000 
2.20279, -0.51038 , -0.42518, 1.54098, -0.50000, 0.00000 
2.20709, -0.51035 , -0.42400, 1.54098, -0.50000, 0.00000 
2.21219, -0.51160 , -0.42372, 1.55383, -0.50000, 0.00000 
2.21893, -0.51157 , -0.42196, 1.55261, -0.50000, 0.00000 
2.22363, -0.51155 , -0.42078, 1.55261, -0.50000, 0.00000 
2.22753, -0.51153 , -0.41999, 1.55261, -0.50000, 0.00000 
2.23150, -0.51152 , -0.41921, 1.55261, -0.50000, 0.00000 
2.23517, -0.51150 , -0.41803, 1.55261, -0.50000, 0.00000 
2.23973, -0.51148 , -0.41705, 1.55139, -0.50000, 0.00000 
2.24488, -0.51146 , -0.41587, 1.55139, -0.50000, 0.00000 
2.24884, -0.51144 , -0.41509, 1.55139, -0.50000, 0.00000 
2.25285, -0.51142 , -0.41391, 1.55139, -0.50000, 0.00000 
2.25821, -0.51140 , -0.41293, 1.55017, -0.50000, 0.00000 
2.26230, -0.51137 , -0.41175, 1.55017, -0.50000, 0.00000 
2.26612, -0.51136 , -0.41096, 1.55017, -0.50000, 0.00000 
2.27195, -0.51133 , -0.40959, 1.54895, -0.50000, 0.00000 
2.27758, -0.51130 , -0.40841, 1.54895, -0.50000, 0.00000 
2.28190, -0.51129 , -0.40763, 1.54895, -0.50000, 0.00000 
2.28617, -0.51126 , -0.40665, 1.54773, -0.50000, 0.00000 
2.29450, -0.51122 , -0.40468, 1.54773, -0.50000, 0.00000 
2.29811, -0.51120 , -0.40390, 1.54773, -0.50000, 0.00000 
2.30223, -0.51118 , -0.40311, 1.54773, -0.50000, 0.00000 
2.30632, -0.51209 , -0.40304, 1.55575, -0.50000, 0.00000 
2.30994, -0.51207 , -0.40225, 1.55575, -0.50000, 0.00000 
2.31832, -0.51205 , -0.40048, 1.55453, -0.50000, 0.00000 
2.33282, -0.51200 , -0.39734, 1.55453, -0.50000, 0.00000 
2.33733, -0.51198 , -0.39636, 1.55331, -0.50000, 0.00000 
2.34172, -0.51196 , -0.39538, 1.55453, -0.50000, 0.00000 
2.34653, -0.51195 , -0.39440, 1.55331, -0.50000, 0.00000 
2.35609, -0.51191 , -0.39224, 1.55453, -0.50000, 0.00000 
2.36170, -0.51189 , -0.39126, 1.55331, -0.50000, 0.00000 
2.36668, -0.51187 , -0.39008, 1.55331, -0.50000, 0.00000 
2.37155, -0.51185 , -0.38890, 1.55331, -0.50000, 0.00000 
2.37578, -0.51184 , -0.38812, 1.55331, -0.50000, 0.00000 
2.37987, -0.51182 , -0.38733, 1.55331, -0.50000, 0.00000 
2.39099, -0.51178 , -0.38498, 1.55331, -0.50000, 0.00000 
2.39583, -0.51263 , -0.38511, 1.56215, -0.50000, 0.00000 
2.40715, -0.51261 , -0.38275, 1.56215, -0.50000, 0.00000 
2.42173, -0.51259 , -0.37980, 1.56337, -0.50000, 0.00000 
2.42711, -0.51258 , -0.37882, 1.56215, -0.50000, 0.00000 
2.43234, -0.51257 , -0.37764, 1.56215, -0.50000, 0.00000 
2.43743, -0.51256 , -0.37686, 1.56215, -0.50000, 0.00000 
2.44188, -0.51255 , -0.37490, 1.56215, -0.50000, 0.00000 
2.44991, -0.51254 , -0.37411, 1.56215, -0.50000, 0.00000 
2.45360, -0.51253 , -0.37333, 1.56215, -0.50000, 0.00000 
2.45736, -0.51253 , -0.37274, 1.56337, -0.50000, 0.00000 
2.46155, -0.51252 , -0.37175, 1.56215, -0.50000, 0.00000 
2.46576, -0.51251 , -0.37077, 1.56337, -0.50000, 0.00000 
2.46964, -0.51251 , -0.36999, 1.56337, -0.50000, 0.00000 
2.47398, -0.51250 , -0.36920, 1.56337, -0.50000, 0.00000 
2.48126, -0.51249 , -0.36763, 1.56337, -0.50000, 0.00000 
2.48528, -0.51248 , -0.36665, 1.56215, -0.50000, 0.00000 
2.48917, -0.51331 , -0.36691, 1.57082, -0.50000, 0.00000 
2.49285, -0.51331 , -0.36612, 1.57082, -0.50000, 0.00000 
2.49661, -0.51331 , -0.36534, 1.57082, -0.50000, 0.00000 
2.50074, -0.51331 , -0.36455, 1.57082, -0.50000, 0.00000 
2.50456, -0.51331 , -0.36377, 1.57082, -0.50000, 0.00000 
2.50808, -0.51331 , -0.36318, 1.56960, -0.50000, 0.00000 
2.51158, -0.51331 , -0.36259, 1.57082, -0.50000, 0.00000 
2.51503, -0.51331 , -0.36200, 1.56960, -0.50000, 0.00000 
2.52393, -0.51331 , -0.36023, 1.56838, -0.50000, 0.00000 
2.52884, -0.51331 , -0.35925, 1.56960, -0.50000, 0.00000 
2.53303, -0.51330 , -0.35729, 1.56716, -0.50000, 0.00000 
2.54411, -0.51330 , -0.35631, 1.56594, -0.50000, 0.00000 
2.54849, -0.51329 , -0.35552, 1.56594, -0.50000, 0.00000 
2.55362, -0.51329 , -0.35454, 1.56716, -0.50000, 0.00000 
2.55865, -0.51329 , -0.35356, 1.56594, -0.50000, 0.00000 
2.56331, -0.51328 , -0.35159, 1.56594, -0.50000, 0.00000 
2.57520, -0.51327 , -0.35061, 1.56472, -0.50000, 0.00000 
2.58098, -0.51392 , -0.34904, 1.57024, -0.50000, 0.00000 
2.59095, -0.51392 , -0.34825, 1.57024, -0.50000, 0.00000 
2.60421, -0.51391 , -0.34551, 1.56780, -0.50000, 0.00000 
2.60910, -0.51391 , -0.34472, 1.56780, -0.50000, 0.00000 
2.61547, -0.51390 , -0.34335, 1.56658, -0.50000, 0.00000 
2.62061, -0.51390 , -0.34256, 1.56658, -0.50000, 0.00000 
2.62928, -0.51389 , -0.34079, 1.56536, -0.50000, 0.00000 
2.63904, -0.51388 , -0.33883, 1.56536, -0.50000, 0.00000 
2.64643, -0.51387 , -0.33765, 1.56536, -0.50000, 0.00000 
2.65062, -0.51387 , -0.33706, 1.56414, -0.50000, 0.00000 
2.65496, -0.51386 , -0.33510, 1.56414, -0.50000, 0.00000 
2.66623, -0.51385 , -0.33412, 1.56292, -0.50000, 0.00000 
2.68288, -0.51434 , -0.33193, 1.56798, -0.50000, 0.00000 
2.69757, -0.51433 , -0.32918, 1.56798, -0.50000, 0.00000 
2.70686, -0.51432 , -0.32742, 1.56677, -0.50000, 0.00000 
2.71256, -0.51432 , -0.32624, 1.56677, -0.50000, 0.00000 
2.72410, -0.51431 , -0.32447, 1.56555, -0.50000, 0.00000 
2.73074, -0.51430 , -0.32310, 1.56433, -0.50000, 0.00000 
2.73766, -0.51430 , -0.32211, 1.56555, -0.50000, 0.00000 
2.74254, -0.51429 , -0.32153, 1.56433, -0.50000, 0.00000 
2.75416, -0.51428 , -0.31956, 1.56433, -0.50000, 0.00000 
2.77160, -0.51467 , -0.31773, 1.56678, -0.50000, 0.00000 
2.78608, -0.51465 , -0.31498, 1.56434, -0.50000, 0.00000 
2.79283, -0.51465 , -0.31381, 1.56434, -0.50000, 0.00000 
2.80010, -0.51464 , -0.31263, 1.56434, -0.50000, 0.00000 
2.80732, -0.51463 , -0.31145, 1.56434, -0.50000, 0.00000 
2.81127, -0.51463 , -0.31066, 1.56434, -0.50000, 0.00000 
2.81563, -0.51462 , -0.31008, 1.56312, -0.50000, 0.00000 
2.82041, -0.51461 , -0.30929, 1.56312, -0.50000, 0.00000 
2.82475, -0.51461 , -0.30850, 1.56312, -0.50000, 0.00000 
2.83088, -0.51460 , -0.30713, 1.56190, -0.50000, 0.00000 
2.83698, -0.51459 , -0.30654, 1.56068, -0.50000, 0.00000 
2.84065, -0.51459 , -0.30595, 1.56190, -0.50000, 0.00000 
2.84423, -0.51458 , -0.30536, 1.56068, -0.50000, 0.00000 
2.84897, -0.51490 , -0.30567, 1.56357, -0.50000, 0.00000 
2.85277, -0.51490 , -0.30528, 1.56357, -0.50000, 0.00000 
2.85649, -0.51489 , -0.30449, 1.56357, -0.50000, 0.00000 
2.86026, -0.51489 , -0.30390, 1.56235, -0.50000, 0.00000 
2.86416, -0.51489 , -0.30331, 1.56357, -0.50000, 0.00000 
2.86797, -0.51488 , -0.30272, 1.56235, -0.50000, 0.00000 
2.87147, -0.51488 , -0.30213, 1.56113, -0.50000, 0.00000 
2.87499, -0.51487 , -0.30155, 1.56235, -0.50000, 0.00000 
2.87857, -0.51486 , -0.30096, 1.56113, -0.50000, 0.00000 
2.89504, -0.51483 , -0.29801, 1.55992, -0.50000, 0.00000 
2.89871, -0.51483 , -0.29762, 1.55992, -0.50000, 0.00000 
2.90226, -0.51482 , -0.29703, 1.55870, -0.50000, 0.00000 
2.90584, -0.51482 , -0.29644, 1.55992, -0.50000, 0.00000 
2.91883, -0.51479 , -0.29428, 1.55870, -0.50000, 0.00000 
2.92295, -0.51478 , -0.29350, 1.55870, -0.50000, 0.00000 
2.92746, -0.51477 , -0.29271, 1.55870, -0.50000, 0.00000 
2.93173, -0.51482 , -0.29285, 1.55797, -0.50000, 0.00000 
2.94012, -0.51480 , -0.29147, 1.55675, -0.50000, 0.00000 
2.94473, -0.51479 , -0.29088, 1.55553, -0.50000, 0.00000 
2.94937, -0.51478 , -0.29010, 1.55553, -0.50000, 0.00000 
2.95328, -0.51477 , -0.28951, 1.55432, -0.50000, 0.00000 
2.95762, -0.51475 , -0.28872, 1.55432, -0.50000, 0.00000 
2.96157, -0.51474 , -0.28794, 1.55432, -0.50000, 0.00000 
2.96633, -0.51473 , -0.28735, 1.55310, -0.50000, 0.00000 
2.97169, -0.51472 , -0.28656, 1.55310, -0.50000, 0.00000 
2.97633, -0.51470 , -0.28578, 1.55310, -0.50000, 0.00000 
2.98238, -0.51469 , -0.28480, 1.55188, -0.50000, 0.00000 
2.98696, -0.51467 , -0.28401, 1.55188, -0.50000, 0.00000 
2.99314, -0.51465 , -0.28303, 1.55066, -0.50000, 0.00000 
2.99941, -0.51464 , -0.28225, 1.55066, -0.50000, 0.00000 
3.00422, -0.51462 , -0.28146, 1.55066, -0.50000, 0.00000 
3.00948, -0.51460 , -0.28048, 1.54944, -0.50000, 0.00000 
3.01460, -0.51459 , -0.27989, 1.54822, -0.50000, 0.00000 
3.01935, -0.51457 , -0.27930, 1.54944, -0.50000, 0.00000 
3.02799, -0.51480 , -0.27881, 1.55161, -0.50000, 0.00000 
3.03282, -0.51479 , -0.27822, 1.55039, -0.50000, 0.00000 
3.03910, -0.51477 , -0.27704, 1.55039, -0.50000, 0.00000 
3.04302, -0.51476 , -0.27665, 1.55039, -0.50000, 0.00000 
3.04687, -0.51474 , -0.27586, 1.55039, -0.50000, 0.00000 
3.05091, -0.51473 , -0.27527, 1.54917, -0.50000, 0.00000 
3.05501, -0.51471 , -0.27449, 1.54917, -0.50000, 0.00000 
3.06076, -0.51470 , -0.27370, 1.54917, -0.50000, 0.00000 
3.06500, -0.51468 , -0.27292, 1.54917, -0.50000, 0.00000 
3.06921, -0.51467 , -0.27233, 1.54795, -0.50000, 0.00000 
3.07309, -0.51465 , -0.27174, 1.54917, -0.50000, 0.00000 
3.07657, -0.51464 , -0.27115, 1.54795, -0.50000, 0.00000 
3.08009, -0.51460 , -0.26958, 1.54795, -0.50000, 0.00000 
3.09022, -0.51459 , -0.26919, 1.54795, -0.50000, 0.00000 
3.09395, -0.51458 , -0.26860, 1.54673, -0.50000, 0.00000 
3.09760, -0.51457 , -0.26801, 1.54795, -0.50000, 0.00000 
3.10305, -0.51467 , -0.26844, 1.54684, -0.50000, 0.00000 
3.10821, -0.51465 , -0.26765, 1.54684, -0.50000, 0.00000 
3.12192, -0.51460 , -0.26569, 1.54684, -0.50000, 0.00000 
3.12599, -0.51459 , -0.26510, 1.54562, -0.50000, 0.00000 
3.13050, -0.51457 , -0.26451, 1.54684, -0.50000, 0.00000 
3.13470, -0.51456 , -0.26392, 1.54562, -0.50000, 0.00000 
3.13852, -0.51454 , -0.26333, 1.54684, -0.50000, 0.00000 
3.14806, -0.51451 , -0.26196, 1.54562, -0.50000, 0.00000 
3.15255, -0.51450 , -0.26157, 1.54562, -0.50000, 0.00000 
3.15726, -0.51448 , -0.26078, 1.54562, -0.50000, 0.00000 
3.16147, -0.51446 , -0.26019, 1.54441, -0.50000, 0.00000 
3.16519, -0.51445 , -0.25961, 1.54562, -0.50000, 0.00000 
3.16889, -0.51444 , -0.25921, 1.54562, -0.50000, 0.00000 
3.17887, -0.51440 , -0.25784, 1.54441, -0.50000, 0.00000 
3.18324, -0.51438 , -0.25705, 1.54441, -0.50000, 0.00000 
3.18770, -0.51437 , -0.25646, 1.54319, -0.50000, 0.00000 
3.19300, -0.51450 , -0.25694, 1.54504, -0.50000, 0.00000 
3.19705, -0.51448 , -0.25635, 1.54382, -0.50000, 0.00000 
3.20113, -0.51443 , -0.25459, 1.54260, -0.50000, 0.00000 
3.21405, -0.51442 , -0.25400, 1.54382, -0.50000, 0.00000 
3.21825, -0.51440 , -0.25341, 1.54260, -0.50000, 0.00000 
3.22298, -0.51438 , -0.25262, 1.54260, -0.50000, 0.00000 
3.22713, -0.51437 , -0.25223, 1.54260, -0.50000, 0.00000 
3.23095, -0.51435 , -0.25164, 1.54138, -0.50000, 0.00000 
3.24101, -0.51431 , -0.25027, 1.54016, -0.50000, 0.00000 
3.24534, -0.51429 , -0.24968, 1.54138, -0.50000, 0.00000 
3.25003, -0.51427 , -0.24909, 1.54016, -0.50000, 0.00000 
3.25408, -0.51426 , -0.24850, 1.54138, -0.50000, 0.00000 
3.25794, -0.51425 , -0.24811, 1.54138, -0.50000, 0.00000 
3.26185, -0.51423 , -0.24752, 1.54016, -0.50000, 0.00000 
3.27143, -0.51419 , -0.24634, 1.54016, -0.50000, 0.00000 
3.27578, -0.51417 , -0.24556, 1.54016, -0.50000, 0.00000 
3.28125, -0.51439 , -0.24610, 1.54350, -0.50000, 0.00000 
3.28558, -0.51438 , -0.24551, 1.54228, -0.50000, 0.00000 
3.29043, -0.51436 , -0.24492, 1.54350, -0.50000, 0.00000 
3.30336, -0.51431 , -0.24315, 1.54228, -0.50000, 0.00000 
3.30767, -0.51429 , -0.24237, 1.54228, -0.50000, 0.00000 
3.31182, -0.51428 , -0.24198, 1.54228, -0.50000, 0.00000 
3.31646, -0.51425 , -0.24119, 1.54228, -0.50000, 0.00000 
3.32027, -0.51424 , -0.24080, 1.54228, -0.50000, 0.00000 
3.32399, -0.51420 , -0.23942, 1.54106, -0.50000, 0.00000 
3.33440, -0.51419 , -0.23884, 1.54228, -0.50000, 0.00000 
3.33854, -0.51417 , -0.23825, 1.54106, -0.50000, 0.00000 
3.34324, -0.51415 , -0.23766, 1.54228, -0.50000, 0.00000 
3.34706, -0.51414 , -0.23726, 1.54228, -0.50000, 0.00000 
3.35087, -0.51412 , -0.23668, 1.54106, -0.50000, 0.00000 
3.35477, -0.51411 , -0.23648, 1.53988, -0.50000, 0.00000 
3.36486, -0.51410 , -0.23608, 1.53988, -0.50000, 0.00000 
3.36898, -0.51408 , -0.23550, 1.54110, -0.50000, 0.00000 
3.37302, -0.51407 , -0.23510, 1.54110, -0.50000, 0.00000 
3.37772, -0.51405 , -0.23451, 1.53988, -0.50000, 0.00000 
3.38172, -0.51404 , -0.23412, 1.53988, -0.50000, 0.00000 
3.38559, -0.51398 , -0.23236, 1.53866, -0.50000, 0.00000 
3.39867, -0.51396 , -0.23177, 1.53988, -0.50000, 0.00000 
3.40279, -0.51394 , -0.23118, 1.53866, -0.50000, 0.00000 
3.40761, -0.51393 , -0.23059, 1.53988, -0.50000, 0.00000 
3.41157, -0.51391 , -0.23000, 1.53866, -0.50000, 0.00000 
3.41522, -0.51389 , -0.22941, 1.53988, -0.50000, 0.00000 
3.42594, -0.51384 , -0.22804, 1.53866, -0.50000, 0.00000 
3.43036, -0.51383 , -0.22745, 1.53988, -0.50000, 0.00000 
3.43502, -0.51381 , -0.22686, 1.53866, -0.50000, 0.00000 
3.43922, -0.51379 , -0.22627, 1.53988, -0.50000, 0.00000 
3.44307, -0.51378 , -0.22588, 1.53988, -0.50000, 0.00000 
3.45462, -0.51378 , -0.22550, 1.53788, -0.50000, 0.00000 
3.45972, -0.51375 , -0.22471, 1.53788, -0.50000, 0.00000 
3.46394, -0.51374 , -0.22432, 1.53788, -0.50000, 0.00000 
3.46866, -0.51372 , -0.22373, 1.53910, -0.50000, 0.00000 
3.47264, -0.51371 , -0.22334, 1.53910, -0.50000, 0.00000 
3.47669, -0.51367 , -0.22216, 1.53910, -0.50000, 0.00000 
3.48900, -0.51365 , -0.22138, 1.53910, -0.50000, 0.00000 
3.49329, -0.51363 , -0.22079, 1.53788, -0.50000, 0.00000 
3.49836, -0.51361 , -0.22020, 1.53910, -0.50000, 0.00000 
3.50224, -0.51360 , -0.21981, 1.53910, -0.50000, 0.00000 
3.50612, -0.51358 , -0.21922, 1.53788, -0.50000, 0.00000 
3.51584, -0.51353 , -0.21785, 1.53910, -0.50000, 0.00000 
3.52018, -0.51352 , -0.21745, 1.53910, -0.50000, 0.00000 
3.52473, -0.51350 , -0.21686, 1.53788, -0.50000, 0.00000 
3.53040, -0.51349 , -0.21724, 1.53774, -0.50000, 0.00000 
3.53425, -0.51347 , -0.21665, 1.53652, -0.50000, 0.00000 
3.53802, -0.51343 , -0.21548, 1.53652, -0.50000, 0.00000 
3.55057, -0.51340 , -0.21469, 1.53652, -0.50000, 0.00000 
3.55474, -0.51339 , -0.21430, 1.53652, -0.50000, 0.00000 
3.55861, -0.51338 , -0.21391, 1.53652, -0.50000, 0.00000 
3.56260, -0.51336 , -0.21351, 1.53652, -0.50000, 0.00000 
3.56675, -0.51335 , -0.21312, 1.53652, -0.50000, 0.00000 
3.57714, -0.51330 , -0.21175, 1.53530, -0.50000, 0.00000 
3.58153, -0.51329 , -0.21136, 1.53530, -0.50000, 0.00000 
3.58570, -0.51327 , -0.21077, 1.53652, -0.50000, 0.00000 
3.59024, -0.51325 , -0.21018, 1.53530, -0.50000, 0.00000 
3.59410, -0.51323 , -0.20979, 1.53530, -0.50000, 0.00000 
3.59800, -0.51322 , -0.20939, 1.53530, -0.50000, 0.00000 
3.60772, -0.51318 , -0.20822, 1.53530, -0.50000, 0.00000 
3.61204, -0.51316 , -0.20763, 1.53408, -0.50000, 0.00000 
3.61671, -0.51314 , -0.20704, 1.53530, -0.50000, 0.00000 
3.62181, -0.51312 , -0.20740, 1.53265, -0.50000, 0.00000 
3.62557, -0.51310 , -0.20701, 1.53265, -0.50000, 0.00000 
3.62957, -0.51304 , -0.20544, 1.53265, -0.50000, 0.00000 
3.64212, -0.51303 , -0.20505, 1.53265, -0.50000, 0.00000 
3.64639, -0.51301 , -0.20465, 1.53265, -0.50000, 0.00000 
3.65056, -0.51300 , -0.20426, 1.53265, -0.50000, 0.00000 
3.65513, -0.51298 , -0.20387, 1.53265, -0.50000, 0.00000 
3.65909, -0.51297 , -0.20348, 1.53265, -0.50000, 0.00000 
3.66791, -0.51293 , -0.20250, 1.53143, -0.50000, 0.00000 
3.67143, -0.51291 , -0.20210, 1.53143, -0.50000, 0.00000 
3.67495, -0.51290 , -0.20171, 1.53143, -0.50000, 0.00000 
3.67888, -0.51288 , -0.20132, 1.53143, -0.50000, 0.00000 
3.68260, -0.51287 , -0.20093, 1.53143, -0.50000, 0.00000 
3.68636, -0.51284 , -0.20034, 1.53265, -0.50000, 0.00000 
3.69008, -0.51283 , -0.19995, 1.53265, -0.50000, 0.00000 
3.69835, -0.51283 , -0.19990, 1.53064, -0.50000, 0.00000 
3.70253, -0.51281 , -0.19951, 1.53064, -0.50000, 0.00000 
3.70629, -0.51280 , -0.19912, 1.53064, -0.50000, 0.00000 
3.71000, -0.51278 , -0.19873, 1.53064, -0.50000, 0.00000 
3.71360, -0.51277 , -0.19833, 1.53064, -0.50000, 0.00000 
3.71742, -0.51275 , -0.19794, 1.53064, -0.50000, 0.00000 
3.72122, -0.51273 , -0.19735, 1.52942, -0.50000, 0.00000 
3.72499, -0.51271 , -0.19696, 1.52942, -0.50000, 0.00000 
3.72876, -0.51269 , -0.19657, 1.52942, -0.50000, 0.00000 
3.73795, -0.51265 , -0.19539, 1.52942, -0.50000, 0.00000 
3.74176, -0.51263 , -0.19500, 1.52942, -0.50000, 0.00000 
3.74588, -0.51261 , -0.19461, 1.52942, -0.50000, 0.00000 
3.74968, -0.51260 , -0.19441, 1.52820, -0.50000, 0.00000 
3.75321, -0.51255 , -0.19323, 1.52820, -0.50000, 0.00000 
3.76310, -0.51254 , -0.19284, 1.52820, -0.50000, 0.00000 
3.76723, -0.51253 , -0.19265, 1.52698, -0.50000, 0.00000 
3.77086, -0.51251 , -0.19225, 1.52698, -0.50000, 0.00000 
3.77481, -0.51249 , -0.19186, 1.52698, -0.50000, 0.00000 
3.77930, -0.51248 , -0.19147, 1.52698, -0.50000, 0.00000 
3.78822, -0.51250 , -0.19142, 1.52558, -0.50000, 0.00000 
3.79181, -0.51249 , -0.19103, 1.52558, -0.50000, 0.00000 
3.79529, -0.51247 , -0.19064, 1.52558, -0.50000, 0.00000 
3.79884, -0.51245 , -0.19024, 1.52558, -0.50000, 0.00000 
3.80230, -0.51244 , -0.19005, 1.52436, -0.50000, 0.00000 
3.80578, -0.51242 , -0.18966, 1.52436, -0.50000, 0.00000 
3.82154, -0.51235 , -0.18809, 1.52436, -0.50000, 0.00000 
3.82541, -0.51233 , -0.18769, 1.52436, -0.50000, 0.00000 
3.82970, -0.51231 , -0.18730, 1.52436, -0.50000, 0.00000 
3.83394, -0.51230 , -0.18691, 1.52436, -0.50000, 0.00000 
3.83810, -0.51228 , -0.18652, 1.52436, -0.50000, 0.00000 
3.84252, -0.51226 , -0.18613, 1.52436, -0.50000, 0.00000 
3.85262, -0.51220 , -0.18495, 1.52436, -0.50000, 0.00000 
3.85798, -0.51219 , -0.18456, 1.52436, -0.50000, 0.00000 
3.86303, -0.51215 , -0.18498, 1.52282, -0.50000, 0.00000 
3.86713, -0.51214 , -0.18459, 1.52282, -0.50000, 0.00000 
3.87128, -0.51211 , -0.18400, 1.52404, -0.50000, 0.00000 
3.87510, -0.51205 , -0.18282, 1.52404, -0.50000, 0.00000 
3.88752, -0.51203 , -0.18243, 1.52404, -0.50000, 0.00000 
3.89168, -0.51202 , -0.18204, 1.52404, -0.50000, 0.00000 
3.89607, -0.51200 , -0.18165, 1.52404, -0.50000, 0.00000 
3.90048, -0.51197 , -0.18106, 1.52526, -0.50000, 0.00000 
3.90438, -0.51195 , -0.18067, 1.52526, -0.50000, 0.00000 
3.91438, -0.51191 , -0.17969, 1.52404, -0.50000, 0.00000 
3.91873, -0.51189 , -0.17929, 1.52404, -0.50000, 0.00000 
3.92298, -0.51187 , -0.17890, 1.52404, -0.50000, 0.00000 
3.92722, -0.51185 , -0.17851, 1.52404, -0.50000, 0.00000 
3.93102, -0.51183 , -0.17812, 1.52404, -0.50000, 0.00000 
3.93487, -0.51181 , -0.17772, 1.52404, -0.50000, 0.00000 
3.94478, -0.51176 , -0.17655, 1.52404, -0.50000, 0.00000 
3.94923, -0.51176 , -0.17707, 1.52285, -0.50000, 0.00000 
3.95385, -0.51174 , -0.17668, 1.52285, -0.50000, 0.00000 
3.95788, -0.51172 , -0.17629, 1.52285, -0.50000, 0.00000 
3.96234, -0.51170 , -0.17590, 1.52285, -0.50000, 0.00000 
3.96675, -0.51163 , -0.17453, 1.52163, -0.50000, 0.00000 
3.97971, -0.51161 , -0.17413, 1.52163, -0.50000, 0.00000 
3.98382, -0.51159 , -0.17374, 1.52163, -0.50000, 0.00000 
3.98827, -0.51157 , -0.17335, 1.52163, -0.50000, 0.00000 
3.99258, -0.51155 , -0.17296, 1.52163, -0.50000, 0.00000 
3.99638, -0.51154 , -0.17256, 1.52163, -0.50000, 0.00000 
4.00618, -0.51149 , -0.17158, 1.52041, -0.50000, 0.00000 
4.01050, -0.51147 , -0.17119, 1.52041, -0.50000, 0.00000 
4.01476, -0.51145 , -0.17080, 1.52041, -0.50000, 0.00000 
4.01927, -0.51143 , -0.17041, 1.52041, -0.50000, 0.00000 
4.02310, -0.51141 , -0.17001, 1.52041, -0.50000, 0.00000 
4.02707, -0.51130 , -0.17033, 1.51765, -0.50000, 0.00000 
4.03746, -0.51124 , -0.16916, 1.51765, -0.50000, 0.00000 
4.04185, -0.51122 , -0.16876, 1.51765, -0.50000, 0.00000 
4.04593, -0.51120 , -0.16837, 1.51765, -0.50000, 0.00000 
4.05037, -0.51117 , -0.16778, 1.51643, -0.50000, 0.00000 
4.05428, -0.51115 , -0.16739, 1.51643, -0.50000, 0.00000 
4.05861, -0.51108 , -0.16622, 1.51643, -0.50000, 0.00000 
4.07133, -0.51106 , -0.16582, 1.51643, -0.50000, 0.00000 
4.07548, -0.51104 , -0.16543, 1.51643, -0.50000, 0.00000 
4.07982, -0.51102 , -0.16504, 1.51643, -0.50000, 0.00000 
4.08397, -0.51101 , -0.16484, 1.51765, -0.50000, 0.00000 
4.08799, -0.51099 , -0.16445, 1.51765, -0.50000, 0.00000 
4.09757, -0.51095 , -0.16367, 1.51765, -0.50000, 0.00000 
4.10184, -0.51093 , -0.16347, 1.51643, -0.50000, 0.00000 
4.10600, -0.51091 , -0.16308, 1.51643, -0.50000, 0.00000 
4.11100, -0.51081 , -0.16319, 1.51510, -0.50000, 0.00000 
4.11496, -0.51080 , -0.16299, 1.51388, -0.50000, 0.00000 
4.11904, -0.51073 , -0.16181, 1.51388, -0.50000, 0.00000 
4.13209, -0.51071 , -0.16142, 1.51388, -0.50000, 0.00000 
4.13586, -0.51069 , -0.16103, 1.51388, -0.50000, 0.00000 
4.14021, -0.51066 , -0.16064, 1.51388, -0.50000, 0.00000 
4.14462, -0.51064 , -0.16025, 1.51388, -0.50000, 0.00000 
4.14847, -0.51062 , -0.15985, 1.51388, -0.50000, 0.00000 
4.15808, -0.51056 , -0.15887, 1.51266, -0.50000, 0.00000 
4.16229, -0.51054 , -0.15848, 1.51266, -0.50000, 0.00000 
4.16629, -0.51053 , -0.15829, 1.51144, -0.50000, 0.00000 
4.17089, -0.51050 , -0.15789, 1.51144, -0.50000, 0.00000 
4.17481, -0.51049 , -0.15770, 1.51266, -0.50000, 0.00000 
4.17892, -0.51048 , -0.15750, 1.51144, -0.50000, 0.00000 
4.18886, -0.51037 , -0.15738, 1.50917, -0.50000, 0.00000 
4.19400, -0.51035 , -0.15699, 1.50917, -0.50000, 0.00000 
4.19831, -0.51033 , -0.15660, 1.50917, -0.50000, 0.00000 
4.20318, -0.51031 , -0.15640, 1.50795, -0.50000, 0.00000 
4.20711, -0.51029 , -0.15601, 1.50795, -0.50000, 0.00000 
4.21099, -0.51022 , -0.15484, 1.50795, -0.50000, 0.00000 
4.22310, -0.51020 , -0.15464, 1.50673, -0.50000, 0.00000 
4.22725, -0.51018 , -0.15425, 1.50673, -0.50000, 0.00000 
4.23135, -0.51015 , -0.15386, 1.50673, -0.50000, 0.00000 
4.23552, -0.51013 , -0.15346, 1.50673, -0.50000, 0.00000 
4.24004, -0.51010 , -0.15307, 1.50673, -0.50000, 0.00000 
4.24987, -0.51005 , -0.15229, 1.50673, -0.50000, 0.00000 
4.25422, -0.51003 , -0.15190, 1.50673, -0.50000, 0.00000 
4.25848, -0.51000 , -0.15150, 1.50673, -0.50000, 0.00000 
4.26279, -0.50998 , -0.15111, 1.50673, -0.50000, 0.00000 
4.26663, -0.50996 , -0.15092, 1.50795, -0.50000, 0.00000 
4.27050, -0.50994 , -0.15052, 1.50795, -0.50000, 0.00000 
4.28099, -0.50991 , -0.15049, 1.50708, -0.50000, 0.00000 
4.28536, -0.50988 , -0.15010, 1.50708, -0.50000, 0.00000 
4.28971, -0.50986 , -0.14971, 1.50708, -0.50000, 0.00000 
4.29423, -0.50983 , -0.14931, 1.50708, -0.50000, 0.00000 
4.29819, -0.50982 , -0.14912, 1.50586, -0.50000, 0.00000 
4.30192, -0.50975 , -0.14814, 1.50708, -0.50000, 0.00000 
4.31470, -0.50973 , -0.14775, 1.50708, -0.50000, 0.00000 
4.31899, -0.50970 , -0.14735, 1.50708, -0.50000, 0.00000 
4.32343, -0.50968 , -0.14696, 1.50708, -0.50000, 0.00000 
4.32768, -0.50965 , -0.14657, 1.50708, -0.50000, 0.00000 
4.33152, -0.50964 , -0.14638, 1.50830, -0.50000, 0.00000 
4.34100, -0.50959 , -0.14559, 1.50830, -0.50000, 0.00000 
4.34533, -0.50957 , -0.14520, 1.50830, -0.50000, 0.00000 
4.34948, -0.50956 , -0.14500, 1.50708, -0.50000, 0.00000 
4.35374, -0.50953 , -0.14461, 1.50708, -0.50000, 0.00000 
4.35780, -0.50957 , -0.14509, 1.50702, -0.50000, 0.00000 
4.36235, -0.50954 , -0.14469, 1.50702, -0.50000, 0.00000 
4.37513, -0.50947 , -0.14352, 1.50702, -0.50000, 0.00000 
4.37969, -0.50944 , -0.14313, 1.50702, -0.50000, 0.00000 
4.38392, -0.50942 , -0.14273, 1.50702, -0.50000, 0.00000 
4.38837, -0.50939 , -0.14234, 1.50702, -0.50000, 0.00000 
4.39242, -0.50938 , -0.14215, 1.50580, -0.50000, 0.00000 
4.40233, -0.50933 , -0.14136, 1.50580, -0.50000, 0.00000 
4.40725, -0.50931 , -0.14097, 1.50580, -0.50000, 0.00000 
4.41191, -0.50928 , -0.14058, 1.50580, -0.50000, 0.00000 
4.41609, -0.50925 , -0.14019, 1.50580, -0.50000, 0.00000 
4.42011, -0.50923 , -0.13979, 1.50580, -0.50000, 0.00000 
4.42381, -0.50919 , -0.13921, 1.50702, -0.50000, 0.00000 
4.43369, -0.50917 , -0.13882, 1.50702, -0.50000, 0.00000 
4.43782, -0.50917 , -0.13918, 1.50636, -0.50000, 0.00000 
4.44225, -0.50915 , -0.13898, 1.50514, -0.50000, 0.00000 
4.44657, -0.50913 , -0.13859, 1.50514, -0.50000, 0.00000 
4.45045, -0.50912 , -0.13839, 1.50636, -0.50000, 0.00000 
4.45412, -0.50906 , -0.13761, 1.50636, -0.50000, 0.00000 
4.46592, -0.50904 , -0.13722, 1.50636, -0.50000, 0.00000 
4.46998, -0.50903 , -0.13702, 1.50514, -0.50000, 0.00000 
4.47416, -0.50900 , -0.13663, 1.50514, -0.50000, 0.00000 
4.47820, -0.50899 , -0.13643, 1.50636, -0.50000, 0.00000 
4.48186, -0.50896 , -0.13604, 1.50636, -0.50000, 0.00000 
4.49128, -0.50892 , -0.13545, 1.50514, -0.50000, 0.00000 
4.49579, -0.50890 , -0.13506, 1.50514, -0.50000, 0.00000 
4.49988, -0.50889 , -0.13487, 1.50636, -0.50000, 0.00000 
4.50433, -0.50886 , -0.13447, 1.50636, -0.50000, 0.00000 
4.50837, -0.50884 , -0.13408, 1.50636, -0.50000, 0.00000 
